Date,Bitcoin,Binance,Cardano,Ethereum,Solana,XRP
07/13/2020,9243.6,18.42,0.1244,239.73,1.279,0.1987
07/14/2020,9253.4,18.09,0.1324,240.5,1.115,0.1991
07/15/2020,9198.7,17.63,0.1306,238.62,1.383,0.1972
07/21/2020,9387.3,17.72,0.1231,245.53,1.004,0.1995
07/22/2020,9513.7,18.1,0.1238,263.28,1.046,0.2036
07/23/2020,9599.6,18.76,0.1242,275.34,1.044,0.2085
07/25/2020,9704.1,19.8,0.1435,305.32,1.274,0.2146
07/26/2020,9932.5,19.55,0.1482,311.13,1.61,0.2153
07/27/2020,11022.8,19.79,0.1387,321.8,1.731,0.2243
07/28/2020,10908.5,20.17,0.1488,316.96,1.787,0.2304
07/29/2020,11105.9,19.84,0.1392,317.82,1.65,0.2432
07/30/2020,11096.2,19.98,0.1405,334.87,1.67,0.2442
07/31/2020,11333.4,20.67,0.1388,346.51,1.555,0.2595
08/01/2020,11803.1,21.62,0.1442,387.14,1.617,0.291
08/02/2020,11066.8,21.0,0.1337,372.08,1.716,0.2879
08/03/2020,11224.4,22.07,0.1372,385.8,1.786,0.31
08/04/2020,11184.7,22.3,0.1433,389.62,1.896,0.3013
08/05/2020,11735.1,23.28,0.1422,400.79,1.784,0.3025
08/06/2020,11757.1,22.75,0.1443,394.83,2.178,0.3032
08/07/2020,11592.0,22.33,0.1388,379.57,2.051,0.2944
08/08/2020,11764.3,22.92,0.1468,396.76,2.5,0.2952
08/09/2020,11681.2,22.44,0.1452,390.23,2.706,0.2879
08/10/2020,11889.2,22.63,0.1439,395.53,3.184,0.2946
08/11/2020,11390.4,21.27,0.1368,379.01,3.445,0.2829
08/12/2020,11557.2,21.5,0.1367,387.12,3.728,0.2823
08/13/2020,11770.9,21.78,0.1394,424.31,3.728,0.2943
08/14/2020,11750.8,23.11,0.1383,438.03,3.377,0.3001
08/15/2020,11845.3,23.01,0.1384,432.18,3.179,0.2989
08/16/2020,11899.0,23.5,0.1388,433.63,3.378,0.3045
08/17/2020,12282.6,23.5,0.1405,430.56,3.121,0.3151
08/18/2020,11947.6,23.01,0.137,422.16,3.378,0.3026
08/19/2020,11750.2,22.35,0.1296,407.44,2.942,0.2898
08/20/2020,11856.9,23.07,0.134,416.05,3.184,0.2922
08/21/2020,11529.2,22.06,0.1229,387.99,2.94,0.2792
08/22/2020,11661.3,22.2,0.1253,395.56,3.06,0.2861
08/23/2020,11641.6,21.84,0.1214,390.5,3.312,0.2848
08/24/2020,11753.5,22.61,0.1236,407.7,3.31,0.2886
08/25/2020,11324.8,21.39,0.1124,383.2,3.265,0.2764
08/26/2020,11462.3,22.2,0.1144,385.96,3.563,0.2765
08/27/2020,11327.4,23.11,0.1072,383.11,3.442,0.2646
08/28/2020,11527.4,23.07,0.1093,395.11,4.008,0.2717
08/29/2020,11468.1,22.94,0.1163,398.8,3.979,0.2738
08/30/2020,11702.0,23.63,0.1175,428.86,4.439,0.283
08/31/2020,11644.2,23.13,0.1225,433.9,4.758,0.2812
09/01/2020,11914.9,24.72,0.1245,475.8,4.327,0.2954
09/02/2020,11413.3,24.7,0.1149,439.08,4.151,0.276
09/03/2020,10168.8,20.33,0.0948,381.97,3.526,0.2443
09/04/2020,10472.5,20.95,0.1017,385.94,3.544,0.254
09/05/2020,10092.2,19.47,0.09,334.91,2.538,0.2374
09/06/2020,10296.4,23.18,0.0926,353.49,3.068,0.2398
09/07/2020,10376.9,22.45,0.0936,352.06,2.921,0.2421
09/08/2020,10126.6,23.24,0.091,337.46,2.476,0.2365
09/09/2020,10224.6,24.49,0.0933,351.1,3.614,0.239
09/10/2020,10339.7,24.53,0.097,367.92,3.461,0.2431
09/11/2020,10390.2,25.4,0.0969,373.72,3.428,0.2426
09/12/2020,10441.9,28.5,0.0977,387.98,3.336,0.2475
09/13/2020,10326.0,31.16,0.095,365.71,3.245,0.2421
09/14/2020,10675.3,31.1,0.0966,376.7,3.272,0.2457
09/15/2020,10785.3,27.11,0.0931,364.01,2.926,0.2433
09/16/2020,10949.5,27.83,0.0914,364.88,2.55,0.2467
09/17/2020,10941.3,27.06,0.0941,388.97,2.894,0.2521
09/18/2020,10933.0,27.67,0.0911,384.2,3.1,0.2506
09/19/2020,11081.8,27.2,0.0914,385.25,3.017,0.2511
09/20/2020,10921.5,26.37,0.0893,371.12,2.877,0.2464
09/21/2020,10416.8,23.03,0.0797,341.3,2.776,0.2308
09/22/2020,10531.5,24.03,0.0815,344.03,2.926,0.2329
09/23/2020,10237.3,22.81,0.0766,319.95,2.842,0.2214
09/24/2020,10739.4,24.57,0.0825,349.17,3.142,0.2327
09/25/2020,10688.8,24.68,0.0969,351.63,3.194,0.2415
09/26/2020,10727.9,26.2,0.0955,354.25,3.129,0.2416
09/27/2020,10776.2,26.23,0.1013,357.23,3.159,0.2434
09/28/2020,10693.2,26.98,0.1004,354.08,2.945,0.241
09/29/2020,10840.9,28.81,0.1011,359.86,2.952,0.2427
09/30/2020,10776.1,29.32,0.1013,359.39,2.889,0.2417
10/01/2020,10620.5,27.48,0.098,353.07,2.859,0.2383
10/02/2020,10572.3,27.3,0.0928,345.68,2.619,0.2339
10/03/2020,10544.2,28.18,0.0933,345.6,2.554,0.2327
10/04/2020,10672.9,29.01,0.0968,352.73,2.517,0.2478
10/05/2020,10789.5,28.59,0.0975,353.28,2.659,0.2503
10/06/2020,10602.6,27.7,0.0929,340.61,2.166,0.2457
10/07/2020,10670.9,27.7,0.0937,341.48,2.292,0.2487
10/08/2020,10924.1,27.69,0.0962,350.83,2.365,0.2511
10/09/2020,11054.2,28.38,0.1013,365.28,2.546,0.2529
10/10/2020,11298.4,28.38,0.105,370.16,2.405,0.2539
10/11/2020,11371.0,28.52,0.1065,374.19,2.417,0.2554
10/12/2020,11533.9,30.72,0.1095,386.68,2.581,0.2561
10/13/2020,11423.8,30.72,0.1093,381.23,2.404,0.2566
10/14/2020,11420.4,30.84,0.1071,379.15,2.309,0.2491
10/15/2020,11503.0,31.31,0.1067,377.45,2.275,0.2458
10/16/2020,11322.0,30.02,0.104,365.17,2.148,0.2402
10/17/2020,11362.1,30.23,0.106,368.63,2.196,0.2406
10/18/2020,11506.9,30.66,0.1073,377.81,2.203,0.2423
10/19/2020,11753.4,29.92,0.1087,379.19,2.057,0.2456
10/20/2020,11913.5,28.8,0.1023,368.35,1.89,0.2432
10/21/2020,12808.7,29.74,0.106,391.2,1.891,0.251
10/22/2020,12974.6,30.65,0.1108,414.05,1.954,0.2572
10/23/2020,12934.1,30.64,0.1081,408.52,1.956,0.2547
10/24/2020,13117.2,30.64,0.108,411.92,1.914,0.2561
10/25/2020,13032.2,30.15,0.1064,406.09,1.787,0.2532
10/26/2020,13061.6,31.04,0.1031,394.11,1.692,0.2482
10/27/2020,13657.8,31.5,0.1026,403.15,1.712,0.2526
10/28/2020,13278.9,30.33,0.0988,388.14,1.512,0.2455
10/29/2020,13457.2,29.86,0.0954,386.76,1.427,0.2425
10/30/2020,13559.9,28.49,0.0933,382.41,1.429,0.239
10/31/2020,13797.3,28.51,0.093,386.42,1.545,0.2397
11/01/2020,13759.4,28.51,0.0981,396.29,1.604,0.2399
11/02/2020,13561.4,27.8,0.0923,383.53,1.481,0.2353
11/03/2020,14019.9,26.87,0.0936,387.92,1.418,0.2395
11/04/2020,14145.6,26.94,0.0954,402.19,1.397,0.2375
11/05/2020,15587.1,27.69,0.0975,416.63,1.4,0.2455
11/06/2020,15577.9,29.06,0.109,455.72,1.911,0.2585
11/07/2020,14828.4,27.76,0.1013,435.4,2.505,0.249
11/08/2020,15483.7,28.38,0.1066,454.68,2.152,0.2538
11/09/2020,15327.2,28.09,0.1053,444.33,2.025,0.2504
11/10/2020,15303.6,28.19,0.106,450.22,2.261,0.2537
11/11/2020,15695.8,27.99,0.106,463.33,2.002,0.2557
11/12/2020,16294.7,27.71,0.1046,462.56,1.895,0.2549
11/13/2020,16324.2,28.19,0.1063,476.29,2.019,0.2655
11/14/2020,16071.0,27.91,0.1041,460.7,1.928,0.2681
11/15/2020,15953.0,27.66,0.1006,448.23,2.033,0.2694
11/16/2020,16715.8,27.96,0.1039,460.43,2.255,0.2878
11/17/2020,17662.3,28.56,0.1095,481.95,2.203,0.3023
11/18/2020,17774.6,28.07,0.1065,478.52,2.124,0.2933
11/19/2020,17803.5,28.1,0.1059,471.21,2.073,0.3037
11/20/2020,18675.2,28.96,0.1183,509.98,2.104,0.33
11/21/2020,18687.2,30.5,0.1335,551.91,2.393,0.4634
11/22/2020,18412.9,30.04,0.1457,559.4,2.157,0.446
11/23/2020,18379.6,30.98,0.1545,609.22,2.274,0.6151
11/24/2020,19152.6,33.91,0.167,605.03,2.276,0.6922
11/25/2020,18723.0,31.29,0.1552,569.67,2.274,0.6322
11/26/2020,17162.0,28.22,0.1385,519.32,1.901,0.5359
11/27/2020,17127.1,28.44,0.1415,518.11,1.857,0.5612
11/28/2020,17730.7,29.16,0.1649,537.74,1.888,0.626
11/29/2020,18185.5,30.09,0.1665,575.45,1.909,0.6053
11/30/2020,19698.1,31.49,0.1721,615.92,1.967,0.6639
12/01/2020,18770.7,30.21,0.1555,585.66,1.978,0.6108
12/02/2020,19218.8,30.3,0.1587,598.05,2.116,0.6306
12/03/2020,19433.3,30.7,0.1641,616.32,2.096,0.6303
12/04/2020,18658.1,29.03,0.1478,567.91,1.857,0.5535
12/05/2020,19146.5,29.73,0.1599,596.68,1.974,0.5853
12/06/2020,19379.9,29.56,0.1587,601.68,1.85,0.6213
12/07/2020,19170.7,29.37,0.154,591.09,1.827,0.6081
12/08/2020,18326.6,27.68,0.1413,555.05,1.682,0.559
12/09/2020,18546.0,28.14,0.148,573.21,1.666,0.5829
12/10/2020,18247.2,27.66,0.1417,558.13,1.58,0.5714
12/11/2020,18023.6,27.33,0.1392,544.17,1.449,0.5479
12/12/2020,18808.9,28.14,0.1443,567.78,1.499,0.5059
12/13/2020,19176.8,29.14,0.154,591.09,1.566,0.5142
12/14/2020,19273.8,30.03,0.1583,586.19,1.594,0.4975
12/15/2020,19434.9,29.51,0.1538,588.91,1.755,0.4678
12/16/2020,21352.2,30.56,0.1682,637.38,1.785,0.5712
12/17/2020,22825.4,30.22,0.1634,643.17,1.676,0.5779
12/18/2020,23127.9,30.96,0.165,653.85,1.696,0.5835
12/19/2020,23844.0,33.3,0.1643,658.17,1.667,0.5766
12/20/2020,23474.9,34.27,0.162,638.26,1.564,0.5563
12/21/2020,22728.5,32.15,0.1527,607.85,1.54,0.5145
12/22/2020,23823.2,33.52,0.1567,637.47,1.493,0.4473
12/23/2020,23257.9,31.19,0.1365,585.69,1.199,0.2604
12/24/2020,23736.5,32.51,0.153,612.34,1.358,0.3378
12/25/2020,24689.6,33.18,0.1575,626.93,1.443,0.3182
12/26/2020,26454.4,33.59,0.1583,636.58,1.326,0.2946
12/27/2020,26261.3,33.68,0.1546,683.71,1.306,0.2839
12/28/2020,27057.8,35.94,0.1764,730.05,1.515,0.2493
12/29/2020,27376.0,39.1,0.191,731.76,1.673,0.2215
12/30/2020,28868.7,38.1,0.184,751.8,1.534,0.2113
12/31/2020,28949.4,37.34,0.1814,735.94,1.514,0.2193
01/01/2021,29359.9,37.72,0.175,729.12,1.837,0.2372
01/02/2021,32193.3,38.23,0.1773,774.5,1.796,0.221
01/03/2021,32958.9,41.22,0.2057,974.97,2.161,0.2248
01/04/2021,32022.6,41.1,0.2258,1042.4,2.489,0.2357
01/05/2021,33991.5,41.79,0.2586,1099.52,2.155,0.2254
01/06/2021,36793.2,42.19,0.3328,1207.77,1.934,0.2487
01/07/2021,39460.2,43.64,0.298,1224.35,2.359,0.3235
01/08/2021,40599.3,42.33,0.304,1215.73,3.889,0.3208
01/09/2021,40151.9,43.83,0.3302,1275.58,3.0,0.3243
01/10/2021,38192.2,42.43,0.3023,1256.04,3.053,0.3152
01/11/2021,35544.3,38.26,0.2759,1091.47,3.107,0.2875
01/12/2021,34076.1,38.25,0.2876,1050.19,3.631,0.2925
01/13/2021,37382.2,40.12,0.3127,1128.46,3.517,0.3058
01/14/2021,39175.7,41.88,0.311,1226.17,3.284,0.2966
01/15/2021,36845.8,40.91,0.3025,1171.68,3.3,0.2804
01/16/2021,36019.5,43.1,0.3512,1228.27,3.449,0.2795
01/17/2021,35839.6,45.78,0.3813,1232.64,3.827,0.2774
01/18/2021,36613.2,45.35,0.371,1258.06,3.784,0.2854
01/19/2021,36002.9,42.62,0.3678,1372.0,3.647,0.2946
01/20/2021,35476.3,42.57,0.3755,1377.53,3.723,0.2953
01/21/2021,30842.1,38.68,0.3077,1117.33,2.985,0.2681
01/22/2021,33000.5,40.87,0.3499,1234.58,3.339,0.2726
01/23/2021,32088.9,40.92,0.3456,1233.4,3.501,0.2717
01/24/2021,32241.3,41.82,0.3532,1390.28,3.624,0.2732
01/25/2021,32252.3,41.78,0.3431,1317.9,3.72,0.2676
01/26/2021,32502.1,41.74,0.3435,1366.27,4.037,0.2684
01/27/2021,30404.0,40.99,0.312,1247.62,3.688,0.2507
01/28/2021,33374.8,42.47,0.3437,1328.47,3.819,0.2641
01/29/2021,34301.8,42.87,0.3476,1379.3,3.842,0.2828
01/30/2021,34283.1,44.76,0.3636,1376.96,4.232,0.443
01/31/2021,33108.1,44.27,0.345,1312.73,4.268,0.4949
02/01/2021,33515.7,51.42,0.4083,1373.4,4.622,0.3716
02/02/2021,35485.2,50.99,0.4258,1511.36,5.257,0.3723
02/03/2021,37646.8,52.13,0.4419,1664.34,5.719,0.3973
02/04/2021,36982.1,55.66,0.4395,1594.0,6.42,0.4443
02/05/2021,38297.6,67.75,0.5393,1719.2,6.5,0.4518
02/06/2021,39256.6,72.58,0.6339,1676.63,6.12,0.4427
02/07/2021,38852.9,68.4,0.6626,1612.99,6.704,0.4184
02/08/2021,46395.7,79.71,0.6774,1750.18,7.879,0.4508
02/09/2021,46508.6,107.6,0.7058,1770.63,7.836,0.4764
02/10/2021,44836.0,128.72,0.9404,1742.09,8.95,0.5047
02/11/2021,47990.7,124.03,0.9293,1786.35,9.185,0.5282
02/12/2021,47371.7,136.52,0.9249,1841.02,9.21,0.6089
02/13/2021,47168.7,133.07,0.9111,1815.49,8.669,0.633
02/14/2021,48643.4,135.98,0.8444,1801.78,8.735,0.5925
02/15/2021,47936.3,129.98,0.8602,1778.82,8.846,0.5494
02/16/2021,49169.7,130.09,0.8704,1781.69,8.3,0.5196
02/17/2021,52079.2,165.38,0.8917,1847.95,8.236,0.534
02/18/2021,51582.2,195.74,0.9138,1934.16,8.984,0.5306
02/19/2021,55906.6,332.74,0.9259,1955.59,11.444,0.5633
02/20/2021,55923.7,254.36,1.1161,1913.88,10.005,0.512
02/21/2021,57433.8,293.76,1.0998,1933.45,11.074,0.5439
02/22/2021,54111.8,267.43,1.0969,1777.28,14.512,0.5658
02/23/2021,48911.2,231.72,0.964,1578.11,15.089,0.4749
02/24/2021,49697.5,254.26,1.0481,1623.71,17.167,0.4692
02/25/2021,46928.5,233.7,1.0752,1476.15,14.0,0.4356
02/26/2021,46345.6,222.08,1.2416,1445.44,13.576,0.4278
02/27/2021,46136.7,225.07,1.3166,1458.93,13.215,0.4357
02/28/2021,45164.0,210.04,1.3077,1418.76,13.063,0.4153
03/01/2021,49595.5,254.72,1.2962,1570.03,14.983,0.4455
03/02/2021,48424.2,239.46,1.2246,1488.62,13.974,0.4358
03/03/2021,50395.1,240.85,1.2143,1571.05,14.131,0.4484
03/04/2021,48428.0,229.7,1.1125,1538.61,13.112,0.4809
03/05/2021,48792.5,225.63,1.1582,1530.29,12.572,0.455
03/06/2021,48855.6,226.26,1.129,1649.19,12.924,0.463
03/07/2021,50982.3,240.02,1.1319,1728.1,13.791,0.4653
03/08/2021,52311.0,240.59,1.1185,1831.49,13.598,0.4736
03/09/2021,54879.0,292.99,1.1972,1869.1,14.86,0.485
03/10/2021,55851.9,278.15,1.1331,1794.14,14.235,0.4616
03/11/2021,57799.5,290.07,1.1242,1825.79,15.987,0.4516
03/12/2021,57265.1,263.42,1.0321,1766.9,14.552,0.4394
03/13/2021,61195.3,275.89,1.1013,1921.13,15.37,0.4577
03/14/2021,59113.7,264.25,1.0551,1849.06,14.555,0.4393
03/15/2021,55791.3,254.22,1.031,1792.38,14.28,0.4357
03/16/2021,56889.7,258.28,1.2493,1804.85,13.805,0.4604
03/17/2021,58913.5,269.86,1.3774,1823.35,13.99,0.47
03/18/2021,57656.0,261.09,1.2312,1776.08,14.328,0.4689
03/19/2021,58088.0,263.15,1.2959,1809.64,14.287,0.4667
03/20/2021,58093.4,264.1,1.2004,1804.6,14.27,0.5245
03/21/2021,57383.8,264.74,1.1868,1783.72,14.18,0.5167
03/22/2021,54158.3,255.03,1.1035,1682.37,14.888,0.5441
03/23/2021,54452.5,255.43,1.1163,1667.9,14.193,0.5504
03/24/2021,52325.4,248.59,1.0702,1582.38,13.629,0.4821
03/25/2021,51322.3,234.25,1.0964,1586.54,12.988,0.5109
03/26/2021,55036.1,254.99,1.2145,1698.6,14.75,0.563
03/27/2021,55862.9,269.32,1.1768,1713.01,16.506,0.5479
03/28/2021,55765.2,268.87,1.1895,1686.8,18.22,0.5457
03/29/2021,57616.2,275.12,1.2028,1816.69,18.878,0.5654
03/30/2021,58771.3,311.41,1.2126,1841.01,19.156,0.5622
03/31/2021,58763.7,302.18,1.1913,1917.99,19.437,0.5696
04/01/2021,58718.3,334.33,1.1828,1967.96,19.07,0.5705
04/02/2021,58977.3,338.25,1.1903,2134.55,19.749,0.6068
04/03/2021,57059.9,321.53,1.1633,2008.59,22.466,0.5789
04/04/2021,58199.9,349.37,1.1819,2075.94,23.876,0.6349
04/05/2021,58993.4,367.41,1.2117,2106.41,22.957,0.9132
04/06/2021,57996.3,402.69,1.2519,2111.53,24.971,1.0906
04/07/2021,55948.7,375.47,1.174,1961.46,26.478,0.9166
04/08/2021,58077.4,417.71,1.2189,2079.92,27.723,1.0578
04/10/2021,59748.4,472.25,1.2179,2133.79,26.79,1.3743
04/11/2021,59978.7,525.54,1.2631,2151.42,27.812,1.355
04/12/2021,59863.8,598.62,1.3155,2137.81,28.547,1.4677
04/13/2021,63540.9,550.1,1.4124,2299.93,27.75,1.7963
04/14/2021,62980.4,549.61,1.4517,2431.56,26.465,1.8363
04/15/2021,63216.0,542.31,1.4787,2514.22,27.001,1.7578
04/16/2021,61379.7,508.73,1.4109,2423.18,25.342,1.5475
04/17/2021,60041.9,515.13,1.3709,2318.33,25.096,1.5406
04/18/2021,56207.1,481.42,1.2769,2237.17,28.3,1.4079
04/19/2021,55646.1,503.97,1.1959,2160.63,28.8,1.3092
04/20/2021,56483.2,587.5,1.2674,2332.14,31.752,1.3861
04/21/2021,53820.2,543.34,1.2045,2360.81,32.536,1.2905
04/22/2021,51729.5,505.84,1.1463,2401.1,39.015,1.1589
04/23/2021,51143.6,526.56,1.1568,2367.31,36.006,1.1702
04/24/2021,50088.9,497.5,1.1021,2215.93,40.849,1.0501
04/25/2021,48963.6,504.29,1.0899,2316.48,47.466,1.0338
04/26/2021,54020.5,535.23,1.2345,2533.12,44.5,1.367
04/27/2021,55036.5,568.8,1.3079,2665.24,43.253,1.4017
04/28/2021,54841.4,562.49,1.3369,2746.54,44.97,1.358
04/29/2021,53560.8,600.38,1.307,2757.36,42.637,1.3981
04/30/2021,57720.3,623.33,1.3521,2772.78,42.586,1.5971
05/01/2021,57807.1,619.84,1.3518,2944.66,49.61,1.6507
05/02/2021,56603.8,621.95,1.3266,2950.33,46.913,1.5611
05/03/2021,57169.8,676.56,1.3622,3429.37,45.904,1.5547
05/04/2021,53741.5,619.96,1.289,3286.71,42.705,1.3966
05/05/2021,57441.3,650.99,1.478,3522.76,44.883,1.614
05/06/2021,56405.4,633.28,1.6478,3489.52,43.446,1.6029
05/07/2021,57337.2,624.02,1.6532,3481.22,43.001,1.581
05/08/2021,58840.1,646.18,1.6207,3905.55,45.674,1.5624
05/09/2021,58238.3,661.65,1.7699,3922.23,44.304,1.5345
05/10/2021,55848.9,631.68,1.6431,3947.9,42.829,1.391
05/11/2021,56695.7,672.26,1.7635,4167.78,44.622,1.478
05/12/2021,49384.2,585.6,1.5677,3811.77,43.017,1.2683
05/13/2021,49704.6,571.76,1.9295,3719.62,40.233,1.3614
05/14/2021,49839.8,602.46,2.0056,4075.38,42.781,1.4034
05/15/2021,46708.8,562.85,2.172,3641.65,43.455,1.4859
05/16/2021,46426.4,563.41,2.3003,3582.12,46.98,1.4497
05/17/2021,43541.3,511.76,2.0314,3279.68,46.837,1.4959
05/18/2021,42897.3,508.28,2.0057,3377.55,56.083,1.5905
05/19/2021,36720.5,335.12,1.4717,2435.69,35.698,1.0617
05/20/2021,40717.2,392.64,1.8033,2777.55,44.748,1.1796
05/21/2021,37297.4,326.44,1.5476,2433.11,38.667,1.006
05/22/2021,37448.3,299.25,1.4631,2291.6,31.272,0.905
05/23/2021,34679.7,261.57,1.3152,2101.34,24.611,0.7915
05/24/2021,38750.6,345.02,1.5473,2646.79,30.637,0.9914
05/25/2021,38378.3,343.77,1.5521,2705.09,29.944,0.9743
05/26/2021,39249.2,379.22,1.778,2884.66,35.5,1.0317
05/27/2021,38417.3,367.46,1.6452,2735.88,33.517,0.9705
05/28/2021,35662.5,329.31,1.5122,2414.29,29.087,0.8992
05/29/2021,34584.6,304.76,1.4014,2276.07,26.9,0.8304
05/30/2021,35652.8,325.59,1.5758,2386.1,28.519,0.9061
05/31/2021,37298.6,353.74,1.74,2708.47,32.724,1.0429
06/01/2021,36687.6,362.39,1.7352,2633.67,31.002,1.0106
06/02/2021,37555.8,401.12,1.7531,2706.1,34.009,1.0244
06/03/2021,39187.3,427.59,1.8445,2853.35,39.461,1.0443
06/04/2021,36851.3,390.97,1.709,2686.5,37.435,0.9693
06/05/2021,35520.0,390.09,1.6581,2628.98,39.559,0.9227
06/06/2021,35815.4,393.2,1.6755,2713.66,42.209,0.9449
06/07/2021,33578.0,358.08,1.5644,2592.63,38.272,0.8634
06/08/2021,33382.9,352.64,1.5851,2510.65,41.34,0.8739
06/09/2021,37332.2,375.29,1.6248,2606.23,42.041,0.9197
06/10/2021,36649.4,351.43,1.5315,2469.97,41.124,0.8684
06/11/2021,37314.6,345.46,1.436,2351.45,36.012,0.8475
06/12/2021,35467.5,343.23,1.4772,2368.47,36.402,0.8312
06/13/2021,39022.9,365.83,1.5586,2508.27,38.806,0.8833
06/14/2021,40529.4,370.06,1.5758,2581.48,39.703,0.8903
06/15/2021,40156.1,366.78,1.5565,2543.83,39.592,0.8666
06/16/2021,38336.0,347.15,1.4833,2367.28,39.334,0.8319
06/17/2021,38052.0,352.64,1.481,2371.62,39.4,0.8412
06/18/2021,35749.4,336.67,1.4129,2229.53,36.65,0.7958
06/19/2021,35513.4,334.19,1.3855,2166.91,35.283,0.7598
06/20/2021,35595.8,339.47,1.4269,2243.86,35.32,0.7742
06/21/2021,31692.0,271.8,1.1757,1891.18,26.601,0.6073
06/22/2021,32496.4,261.45,1.152,1876.66,26.685,0.5449
06/23/2021,33674.3,296.14,1.2506,1968.39,30.855,0.6379
06/24/2021,34665.8,308.31,1.357,1989.14,31.245,0.6722
06/25/2021,31594.0,281.13,1.2547,1810.57,28.797,0.6118
06/26/2021,32243.4,279.45,1.2517,1830.62,29.554,0.6166
06/27/2021,34678.5,290.86,1.3355,1979.88,31.821,0.6475
06/28/2021,34475.9,289.83,1.3247,2083.09,32.99,0.6439
06/29/2021,35834.7,299.88,1.3712,2158.71,33.885,0.7052
06/30/2021,35026.9,303.25,1.3838,2273.84,35.536,0.7054
07/01/2021,33543.6,287.63,1.333,2109.11,33.375,0.66
07/02/2021,33813.4,287.38,1.3955,2154.78,34.0,0.6563
07/03/2021,34742.8,299.25,1.4209,2224.7,34.801,0.6764
07/04/2021,35298.2,307.88,1.4616,2323.22,34.36,0.6959
07/05/2021,33687.8,302.31,1.4041,2196.16,32.966,0.653
07/06/2021,34225.6,320.02,1.4163,2322.72,33.643,0.6648
07/07/2021,33867.8,327.68,1.4038,2316.57,36.537,0.6521
07/08/2021,32866.3,310.52,1.3324,2120.22,32.902,0.6231
07/09/2021,33797.4,316.77,1.3495,2145.89,33.364,0.6371
07/10/2021,33510.6,316.07,1.3357,2111.12,31.73,0.6251
07/11/2021,34227.7,321.88,1.3479,2139.35,32.115,0.6361
07/12/2021,33113.0,316.17,1.3147,2035.09,30.88,0.629
07/13/2021,32728.1,308.98,1.2649,1940.72,29.052,0.6194
07/14/2021,32820.7,309.45,1.2631,1994.64,31.259,0.6198
07/15/2021,31840.5,315.58,1.225,1917.21,28.456,0.5974
07/16/2021,31394.0,302.84,1.1716,1878.2,26.307,0.5893
07/17/2021,31518.6,300.31,1.1713,1897.98,26.715,0.5816
07/18/2021,31785.4,302.18,1.1823,1892.42,26.726,0.5868
07/19/2021,30837.2,280.47,1.1212,1818.07,24.495,0.5571
07/20/2021,29793.8,264.59,1.0545,1786.07,23.482,0.5286
07/21/2021,32131.4,293.08,1.1697,1994.49,26.641,0.5714
07/22/2021,32298.9,293.53,1.1859,2024.58,27.748,0.5919
07/23/2021,33603.3,298.89,1.2054,2123.61,28.47,0.609
07/24/2021,33824.8,303.15,1.215,2151.85,28.72,0.6067
07/25/2021,35391.1,302.57,1.2281,2189.79,28.133,0.6069
07/26/2021,37276.6,304.31,1.2552,2229.53,28.251,0.6239
07/27/2021,39452.0,313.67,1.2805,2300.22,28.018,0.6455
07/28/2021,40003.2,313.76,1.2859,2299.11,27.857,0.7316
07/29/2021,40001.4,316.72,1.2832,2380.93,31.268,0.7482
07/30/2021,42203.4,322.63,1.3093,2460.95,32.356,0.7516
07/31/2021,41553.7,332.41,1.3166,2532.19,36.709,0.7443
08/01/2021,39878.3,332.78,1.3163,2556.23,34.276,0.7248
08/02/2021,39168.4,330.86,1.3086,2608.04,33.169,0.7386
08/03/2021,38130.3,323.19,1.3648,2506.65,33.96,0.7132
08/04/2021,39736.9,334.89,1.3759,2725.29,35.706,0.7306
08/05/2021,40867.2,337.88,1.3859,2827.21,37.408,0.7331
08/06/2021,42795.4,342.08,1.4011,2889.43,39.497,0.7469
08/07/2021,44614.2,356.28,1.4741,3158.0,39.426,0.8167
08/08/2021,43792.8,341.83,1.4264,3012.07,37.668,0.7791
08/09/2021,46284.3,354.5,1.4752,3162.93,38.722,0.8172
08/10/2021,45593.8,371.9,1.6768,3140.71,40.596,0.8513
08/11/2021,45564.3,391.48,1.7979,3163.66,41.792,1.0123
08/12/2021,44403.4,385.51,1.8288,3043.61,41.1,0.9647
08/13/2021,47809.1,410.9,2.137,3322.43,44.821,1.09
08/14/2021,47081.5,408.91,2.1889,3264.69,44.043,1.2802
08/15/2021,46991.3,414.1,2.1679,3308.87,53.714,1.2845
08/16/2021,45996.3,416.08,2.0729,3147.65,62.137,1.1858
08/17/2021,44691.6,401.94,1.9255,3014.58,64.0,1.0987
08/18/2021,44723.8,396.48,2.1097,3016.91,72.578,1.1445
08/19/2021,46755.9,431.42,2.439,3184.82,72.7,1.2349
08/20/2021,49324.0,454.87,2.4553,3284.21,78.714,1.2632
08/21/2021,48875.8,448.64,2.436,3223.96,73.907,1.2166
08/22/2021,49254.5,448.68,2.7068,3238.7,72.846,1.2257
08/23/2021,49539.7,499.79,2.9153,3319.49,75.553,1.2462
08/24/2021,47714.7,471.95,2.7242,3173.26,70.671,1.1363
08/25/2021,48994.5,503.44,2.7402,3228.15,72.056,1.1744
08/26/2021,46831.6,477.83,2.5347,3093.54,75.169,1.0715
08/27/2021,49064.3,494.48,2.9459,3273.58,87.97,1.1912
08/28/2021,48897.1,486.01,2.8467,3243.9,96.72,1.1449
08/29/2021,48777.4,479.63,2.8527,3222.16,94.2,1.1401
08/30/2021,46992.7,460.1,2.7353,3225.67,110.241,1.1007
08/31/2021,47130.4,464.29,2.7693,3430.74,108.32,1.1861
09/01/2021,48819.4,489.78,2.87,3832.73,111.06,1.2364
09/02/2021,49274.3,483.84,2.961,3786.19,128.071,1.2541
09/03/2021,49999.0,488.2,2.9652,3936.29,146.14,1.2898
09/04/2021,49918.4,497.4,2.8302,3884.97,139.09,1.2548
09/05/2021,51768.6,504.49,2.9112,3950.62,142.13,1.306
09/06/2021,52672.1,496.11,2.8323,3927.21,164.17,1.3898
09/07/2021,46779.6,417.31,2.5047,3423.12,173.03,1.1233
09/08/2021,46061.4,414.6,2.4699,3495.1,190.69,1.099
09/09/2021,46385.6,421.2,2.5161,3423.51,192.1,1.0867
09/10/2021,44842.8,401.1,2.3825,3207.27,179.15,1.0548
09/11/2021,45161.9,405.1,2.6354,3267.33,178.35,1.0788
09/12/2021,46062.3,416.99,2.5833,3408.28,174.37,1.1192
09/13/2021,44949.5,399.0,2.4036,3284.52,169.47,1.0642
09/14/2021,47077.5,414.29,2.3934,3428.87,158.0,1.0953
09/15/2021,48130.6,431.1,2.5025,3611.9,158.619,1.1207
09/16/2021,47748.0,424.22,2.4176,3569.43,152.211,1.0903
09/17/2021,47282.8,406.21,2.3476,3398.65,147.416,1.066
09/18/2021,48306.7,410.7,2.3719,3435.97,169.399,1.0756
09/19/2021,47238.7,408.39,2.2827,3329.12,152.704,1.048
09/20/2021,42870.6,363.6,2.0684,2976.05,132.502,0.9211
09/21/2021,40651.3,343.3,1.983,2761.52,123.881,0.8732
09/22/2021,43551.6,378.83,2.2591,3077.78,148.048,1.0037
09/23/2021,44869.2,383.63,2.3277,3152.92,149.87,1.0014
09/24/2021,42819.9,355.1,2.278,2928.57,139.268,0.9447
09/25/2021,42686.8,349.51,2.2985,2922.55,136.086,0.9401
09/26/2021,43203.4,344.53,2.2084,3063.51,135.753,0.9445
09/27/2021,42172.6,335.32,2.1307,2926.24,136.374,0.9219
09/28/2021,41022.3,332.94,2.0367,2807.28,132.104,0.8931
09/29/2021,41536.8,367.51,2.0658,2851.5,135.283,0.9268
09/30/2021,43823.3,387.59,2.1164,3000.59,141.36,0.9533
10/01/2021,48146.0,421.31,2.2572,3309.13,161.623,1.0412
10/02/2021,47666.9,427.22,2.2488,3388.97,169.08,1.0362
10/03/2021,48200.1,430.32,2.2511,3417.34,172.745,1.055
10/04/2021,49227.3,426.48,2.19,3382.9,167.116,1.0416
10/05/2021,51469.3,442.21,2.233,3517.26,164.619,1.0848
10/06/2021,55323.2,434.88,2.2099,3575.41,153.895,1.0762
10/07/2021,53783.9,438.21,2.2762,3586.0,154.209,1.0665
10/08/2021,53914.7,418.7,2.2348,3559.42,158.589,1.0619
10/09/2021,54942.5,421.69,2.2656,3574.2,156.755,1.1594
10/10/2021,54687.7,404.19,2.1895,3415.03,147.738,1.1358
10/11/2021,57477.3,413.38,2.1715,3545.06,144.889,1.1377
10/12/2021,56015.9,443.65,2.1169,3489.9,152.518,1.1007
10/13/2021,57380.1,470.41,2.1877,3607.28,148.125,1.1279
10/14/2021,57345.8,472.42,2.1725,3790.41,149.98,1.1332
10/15/2021,61672.5,474.31,2.2162,3866.9,163.171,1.1412
10/16/2021,60861.1,465.12,2.1765,3827.55,157.403,1.134
10/17/2021,61527.5,470.71,2.1571,3845.47,160.077,1.0929
10/18/2021,62056.3,485.0,2.1288,3747.6,157.217,1.0831
10/19/2021,64278.5,488.1,2.1106,3876.78,155.857,1.0911
10/20/2021,65979.1,501.11,2.188,4159.89,176.81,1.1437
10/21/2021,62210.2,471.1,2.1368,4054.16,190.429,1.0884
10/22/2021,60690.3,478.83,2.1549,3970.94,196.174,1.0892
10/23/2021,61312.5,485.41,2.1646,4168.85,197.776,1.0935
10/24/2021,60866.5,475.8,2.1192,4082.8,202.394,1.0823
10/25/2021,63067.0,484.91,2.1448,4219.92,209.698,1.0953
10/26/2021,60310.8,478.01,2.1369,4129.51,199.744,1.1067
10/27/2021,58438.1,448.69,1.9107,3921.93,184.397,0.9935
10/28/2021,60582.5,492.09,1.9856,4284.9,194.659,1.0579
10/29/2021,62242.8,529.52,2.0121,4413.7,200.224,1.081
10/30/2021,61840.1,528.2,1.9547,4320.65,195.813,1.0841
10/31/2021,61309.6,524.46,1.9649,4287.56,202.573,1.1126
11/01/2021,60915.3,551.53,1.9488,4320.85,203.454,1.0921
11/02/2021,63221.7,554.28,1.9694,4586.06,220.678,1.1351
11/03/2021,62918.5,568.4,2.0622,4602.21,243.272,1.2101
11/04/2021,61412.6,559.16,1.9836,4535.11,247.144,1.2015
11/05/2021,60974.3,607.31,1.9815,4475.0,236.147,1.1583
11/06/2021,61483.9,636.3,2.0045,4517.36,258.477,1.1512
11/07/2021,63273.2,649.5,2.0185,4612.06,249.644,1.2179
11/08/2021,67527.9,653.79,2.1256,4808.38,248.419,1.2818
11/09/2021,66904.4,634.24,2.2673,4731.83,239.027,1.2561
11/10/2021,64932.6,614.81,2.1004,4634.03,233.686,1.1922
11/11/2021,64806.7,628.8,2.08,4720.87,233.576,1.215
11/12/2021,64134.5,626.91,2.0452,4667.31,228.551,1.1884
11/13/2021,64398.6,649.5,2.0505,4644.61,241.684,1.1894
11/14/2021,65508.2,650.8,2.0398,4625.59,238.667,1.1879
11/15/2021,63597.9,633.51,2.0178,4562.98,238.187,1.1722
11/16/2021,60089.1,588.91,1.8757,4208.16,219.062,1.0885
11/17/2021,60367.8,578.31,1.8769,4290.88,218.918,1.0957
11/18/2021,56955.3,532.56,1.7886,4001.87,195.164,1.0413
11/19/2021,58083.4,581.09,1.8637,4295.43,215.274,1.0896
11/20/2021,59717.6,604.28,1.9205,4408.85,217.833,1.0961
11/21/2021,58714.3,585.14,1.8389,4268.08,231.414,1.058
11/22/2021,56308.8,559.69,1.7765,4086.95,215.854,1.0355
11/23/2021,57573.2,591.3,1.7508,4340.23,221.885,1.0721
11/24/2021,57171.7,590.61,1.6664,4273.54,205.877,1.0331
11/25/2021,58935.1,638.79,1.6749,4520.3,209.952,1.0427
11/26/2021,53730.9,584.96,1.5299,4034.53,191.991,0.9385
11/27/2021,54765.9,600.3,1.5434,4094.8,193.061,0.9455
11/28/2021,57291.5,611.61,1.5938,4296.98,200.854,0.969
11/29/2021,57794.8,623.61,1.6015,4443.22,204.135,0.9895
11/30/2021,56882.9,623.23,1.5533,4628.9,208.423,0.9976
12/01/2021,57210.3,627.32,1.5471,4583.28,229.829,0.9896
12/02/2021,56496.0,620.21,1.72,4512.9,233.785,0.9722
12/03/2021,53631.5,594.62,1.5553,4219.3,212.047,0.9213
12/04/2021,49195.2,568.62,1.4232,4123.46,201.088,0.847
12/05/2021,49405.5,557.6,1.3775,4194.8,196.444,0.8041
12/06/2021,50562.1,588.59,1.4217,4353.31,193.963,0.8267
12/07/2021,50595.2,578.7,1.3783,4307.08,190.236,0.8154
12/08/2021,50473.9,606.9,1.3943,4435.74,194.596,0.8615
12/09/2021,47596.6,570.78,1.2895,4107.69,181.363,0.8581
12/10/2021,47137.2,552.53,1.2094,3903.48,167.596,0.7992
12/11/2021,49314.5,563.24,1.3512,4075.66,171.728,0.8372
12/12/2021,50081.0,570.51,1.3462,4131.78,172.924,0.8399
12/13/2021,46703.6,520.88,1.2231,3781.94,155.203,0.7818
12/14/2021,48366.5,528.3,1.2665,3861.55,161.299,0.8108
12/15/2021,48871.5,541.1,1.3116,4019.24,178.506,0.8263
12/16/2021,47628.2,526.01,1.2399,3956.62,176.904,0.8052
12/17/2021,46172.2,525.9,1.2183,3878.29,175.586,0.7975
12/18/2021,46856.2,534.2,1.2423,3959.83,182.861,0.8264
12/19/2021,46704.5,529.9,1.2445,3925.34,180.125,0.8351
12/20/2021,46895.2,523.31,1.2361,3938.8,173.785,0.8786
12/21/2021,48902.0,528.5,1.2805,4016.59,179.745,0.9469
12/22/2021,48599.7,533.43,1.3271,3979.54,178.406,0.9538
12/23/2021,50801.0,548.7,1.4731,4110.14,190.047,0.994
12/24/2021,50786.1,541.78,1.3913,4043.39,190.285,0.9106
12/25/2021,50406.4,547.33,1.4529,4093.14,193.127,0.9252
12/26/2021,50779.9,546.49,1.4544,4061.27,197.754,0.9198
12/27/2021,50678.2,563.3,1.5139,4036.24,195.645,0.9262
12/28/2021,47545.2,534.19,1.3982,3791.69,177.151,0.8511
12/29/2021,46461.7,514.22,1.3304,3627.93,170.626,0.8165
12/30/2021,47123.3,518.5,1.3589,3709.57,172.482,0.8387
12/31/2021,46219.5,511.7,1.309,3677.85,169.985,0.8299
01/01/2022,47738.0,527.4,1.3789,3765.67,179.068,0.85
01/02/2022,47311.8,531.28,1.378,3830.67,176.367,0.8587
01/03/2022,46430.2,511.7,1.3191,3764.24,170.039,0.8317
01/04/2022,45837.3,507.0,1.3099,3789.52,167.767,0.8229
01/05/2022,43425.9,473.61,1.2292,3535.86,154.54,0.7712
01/06/2022,43097.5,472.89,1.2808,3407.77,150.336,0.7796
01/07/2022,41546.7,447.71,1.2071,3195.31,136.405,0.7626
01/08/2022,41672.0,429.32,1.1812,3080.02,142.033,0.7447
01/09/2022,41848.3,438.6,1.1692,3150.3,140.755,0.7528
01/10/2022,41832.2,424.81,1.124,3085.43,135.964,0.7401
01/11/2022,42733.2,463.48,1.1862,3237.89,140.209,0.7699
01/12/2022,43901.0,487.01,1.3057,3370.89,151.437,0.7979
01/13/2022,42560.0,475.09,1.2304,3238.03,146.061,0.7672
01/14/2022,43073.3,490.0,1.2927,3307.9,146.162,0.7732
01/15/2022,43097.0,494.67,1.2922,3327.74,147.677,0.7793
01/16/2022,43079.1,498.5,1.4109,3346.59,147.954,0.7784
01/17/2022,42209.3,475.01,1.6015,3209.35,139.824,0.7615
01/18/2022,42364.6,471.21,1.4582,3160.15,141.282,0.7514
01/19/2022,41677.8,462.28,1.3368,3083.65,135.276,0.738
01/20/2022,40715.9,440.43,1.2621,3004.72,127.672,0.7204
01/21/2022,36475.5,384.3,1.1202,2571.29,112.362,0.6373
01/22/2022,35075.2,358.5,1.0708,2412.52,94.665,0.5967
01/23/2022,36269.5,384.1,1.1241,2540.81,99.766,0.6287
01/24/2022,36686.3,371.58,1.0659,2441.01,91.784,0.6121
01/25/2022,36950.6,384.88,1.0419,2458.07,94.704,0.6176
01/26/2022,36800.4,374.91,1.0759,2461.41,91.905,0.619
01/27/2022,37164.3,390.03,1.0423,2424.66,89.422,0.6084
01/28/2022,37745.1,386.0,1.0488,2545.95,91.318,0.6113
01/29/2022,38170.8,389.29,1.0596,2600.02,96.186,0.6174
01/30/2022,37917.7,377.5,1.0365,2602.77,93.385,0.6015
01/31/2022,38498.6,374.21,1.0519,2686.82,99.627,0.6175
02/01/2022,38709.7,384.21,1.0952,2787.16,109.981,0.6282
02/02/2022,36890.2,367.1,1.0271,2681.0,101.908,0.6008
02/03/2022,37287.8,371.88,1.0591,2692.8,101.675,0.6096
02/04/2022,41567.6,399.49,1.1381,2994.99,112.401,0.6556
02/05/2022,41412.1,413.99,1.1249,3013.81,113.912,0.6662
02/06/2022,42392.2,420.0,1.1428,3056.2,115.286,0.6827
02/07/2022,43833.9,433.29,1.1987,3140.18,117.512,0.8312
02/08/2022,44038.2,407.72,1.175,3115.88,113.293,0.8762
02/09/2022,44388.9,422.8,1.1933,3243.62,113.991,0.8698
02/10/2022,43521.0,414.89,1.1511,3071.83,106.19,0.8255
02/11/2022,42388.4,400.19,1.0799,2927.63,96.483,0.759
02/12/2022,42205.2,403.2,1.058,2917.1,95.891,0.8217
02/13/2022,42061.1,397.8,1.0427,2870.25,92.811,0.8054
02/14/2022,42550.3,403.49,1.0497,2929.31,96.458,0.8008
02/15/2022,44544.4,432.21,1.1063,3182.27,105.352,0.8508
02/16/2022,43883.6,427.38,1.082,3118.9,101.763,0.8358
02/17/2022,40552.8,402.97,1.0209,2894.03,93.591,0.7668
02/18/2022,40000.1,399.2,0.9952,2779.56,89.96,0.7847
02/19/2022,40090.3,399.7,0.9961,2763.81,91.264,0.8216
02/20/2022,38355.0,380.31,0.9282,2619.32,90.6,0.7756
02/21/2022,37017.7,356.5,0.8563,2569.87,82.879,0.7016
02/22/2022,38248.2,374.2,0.8878,2636.13,86.413,0.7212
02/23/2022,37224.6,365.69,0.8641,2578.15,84.431,0.696
02/24/2022,38339.2,361.1,0.853,2596.52,89.409,0.696
02/25/2022,39209.6,374.89,0.8982,2767.53,92.778,0.7693
02/26/2022,39115.5,373.31,0.8859,2776.96,90.13,0.7504
02/27/2022,37689.1,359.91,0.8567,2616.34,85.607,0.7214
02/28/2022,43188.2,395.61,0.9637,2922.5,99.705,0.7813
03/01/2022,44420.3,408.59,0.9635,2975.81,98.63,0.7838
03/02/2022,43912.8,409.2,0.9381,2947.14,100.702,0.7688
03/03/2022,42463.0,402.6,0.9022,2834.91,95.649,0.7518
03/04/2022,39142.7,374.5,0.8448,2622.15,88.275,0.7128
03/05/2022,39395.8,384.7,0.8642,2665.42,89.623,0.7539
03/06/2022,38403.1,374.9,0.8222,2549.4,84.538,0.7247
03/07/2022,38024.8,381.1,0.794,2492.53,81.786,0.7201
03/08/2022,38744.8,381.8,0.8019,2577.21,82.308,0.7208
03/09/2022,41929.0,393.1,0.8483,2726.94,88.089,0.7657
03/10/2022,39416.3,372.1,0.8067,2606.5,82.871,0.7361
03/11/2022,38730.2,371.9,0.7889,2556.96,80.665,0.8031
03/12/2022,38814.3,372.4,0.7898,2569.8,81.402,0.7858
03/13/2022,37792.4,361.6,0.7878,2516.75,78.858,0.7594
03/14/2022,39671.1,373.3,0.8031,2589.3,81.223,0.7746
03/15/2022,39285.7,371.4,0.799,2617.43,82.85,0.7659
03/16/2022,41118.7,385.4,0.8387,2773.94,87.795,0.7919
03/17/2022,40914.8,391.9,0.8358,2812.29,87.813,0.7933
03/18/2022,41767.8,397.2,0.852,2939.76,89.792,0.7966
03/19/2022,42233.0,400.0,0.9031,2949.92,92.435,0.8197
03/20/2022,41276.0,390.82,0.8787,2861.69,88.606,0.8061
03/21/2022,41022.0,396.09,0.918,2891.63,88.62,0.8374
03/22/2022,42373.0,404.21,0.9749,2969.64,90.424,0.8366
03/23/2022,42912.0,408.32,1.1065,3036.12,94.924,0.8376
03/24/2022,44013.0,414.29,1.131,3109.25,102.35,0.8428
03/25/2022,44331.0,410.21,1.0967,3103.51,98.649,0.8241
03/26/2022,44548.0,416.08,1.1529,3146.01,101.804,0.8329
03/27/2022,46859.0,430.71,1.1842,3297.04,107.093,0.8577
03/28/2022,47105.0,429.81,1.167,3329.38,105.689,0.8628
03/29/2022,47449.0,434.27,1.1901,3401.89,111.709,0.8577
03/30/2022,47075.0,442.01,1.1893,3385.64,120.727,0.8613
03/31/2022,45525.0,428.84,1.1415,3282.35,122.919,0.815
04/01/2022,46297.0,447.59,1.1656,3456.18,134.599,0.8277
04/02/2022,45811.0,436.82,1.1551,3442.34,132.376,0.8237
04/03/2022,46407.0,450.3,1.1857,3521.1,136.804,0.8431
04/04/2022,46629.0,447.87,1.2127,3520.41,132.132,0.8265
04/05/2022,45506.0,444.6,1.1709,3406.78,126.784,0.8164
04/06/2022,43173.0,420.19,1.0521,3169.58,112.99,0.7596
04/07/2022,43448.0,436.31,1.0902,3228.84,118.577,0.7876
04/08/2022,42275.0,421.6,1.0249,3193.93,110.009,0.7552
04/09/2022,42767.0,426.83,1.0451,3259.35,112.812,0.7622
04/10/2022,42138.0,417.82,1.026,3201.84,111.044,0.7542
04/11/2022,39497.0,394.2,0.9198,2978.29,99.532,0.6946
04/12/2022,40078.0,413.67,0.9538,3027.25,103.181,0.7146
04/13/2022,41133.0,423.08,0.9737,3116.92,104.88,0.7228
04/14/2022,39936.0,414.7,0.9327,3021.93,100.744,0.7263
04/15/2022,40560.0,417.22,0.9553,3042.01,101.407,0.7856
04/16/2022,40382.0,417.1,0.9504,3058.96,102.118,0.781
04/17/2022,39703.0,406.81,0.9142,2989.05,100.296,0.7519
04/18/2022,40803.0,416.82,0.937,3055.64,102.304,0.7692
04/19/2022,41503.0,422.2,0.9528,3102.01,108.576,0.7748
04/20/2022,41368.0,418.29,0.9368,3076.38,105.55,0.7516
04/21/2022,40482.0,405.0,0.9099,2983.95,101.757,0.7328
04/22/2022,39709.0,406.6,0.9059,2963.0,100.533,0.7178
04/23/2022,39418.0,401.1,0.8862,2931.9,100.583,0.7055
04/24/2022,39464.0,398.9,0.8859,2922.03,99.227,0.6983
04/25/2022,40427.0,404.3,0.8974,3006.04,101.007,0.6931
04/26/2022,38113.0,385.91,0.8261,2810.42,95.683,0.6424
04/27/2022,39243.0,391.31,0.8401,2888.99,98.324,0.6521
04/28/2022,39748.0,407.19,0.8432,2937.01,98.233,0.6428
04/29/2022,38581.0,392.99,0.8046,2816.66,93.915,0.6115
04/30/2022,37650.0,377.01,0.7565,2727.18,84.757,0.5852
05/01/2022,38461.0,389.89,0.7892,2825.8,89.681,0.607
05/02/2022,38514.0,389.5,0.7809,2856.01,87.462,0.6144
05/03/2022,37718.0,383.79,0.7709,2781.47,85.833,0.6046
05/04/2022,39688.0,402.51,0.899,2940.7,92.792,0.6461
05/05/2022,36544.0,378.57,0.7887,2747.46,84.438,0.5981
05/06/2022,36009.0,379.11,0.7832,2692.88,81.639,0.6022
05/07/2022,35468.0,365.48,0.7602,2636.03,78.841,0.5807
05/08/2022,34060.0,355.88,0.7404,2519.98,75.317,0.5662
05/09/2022,30095.0,296.3,0.6023,2229.1,61.967,0.4877
05/10/2022,31007.5,318.99,0.6285,2342.3,66.673,0.5132
05/11/2022,29068.2,270.92,0.5155,2080.79,50.647,0.4157
05/12/2022,28976.0,268.51,0.4723,1955.36,44.622,0.3849
05/13/2022,29284.4,290.89,0.5295,2009.53,48.832,0.4228
05/14/2022,30080.4,296.9,0.5378,2056.3,52.318,0.4261
05/15/2022,31308.7,312.2,0.5979,2145.86,58.664,0.4479
05/16/2022,29849.0,297.0,0.5564,2022.93,53.643,0.423
05/17/2022,30437.5,306.1,0.5777,2091.14,57.056,0.4379
05/18/2022,28683.7,287.61,0.5044,1912.12,49.91,0.4052
05/19/2022,30305.9,306.9,0.5331,2019.34,52.167,0.4203
05/20/2022,29178.6,302.28,0.5163,1959.85,49.414,0.4102
05/21/2022,29434.6,312.4,0.5286,1975.12,50.293,0.4145
05/22/2022,30286.6,319.3,0.5418,2043.19,52.46,0.4218
05/23/2022,29093.3,316.98,0.5127,1972.93,49.094,0.4051
05/24/2022,29648.7,328.3,0.5219,1979.35,49.659,0.4086
05/25/2022,29540.6,325.79,0.5145,1942.91,47.961,0.4062
05/26/2022,29203.5,303.2,0.479,1793.42,43.369,0.3927
05/27/2022,28601.2,301.09,0.4553,1724.3,41.076,0.3815
05/28/2022,29027.1,307.59,0.4644,1792.68,44.245,0.3864
05/29/2022,29465.2,305.9,0.482,1813.56,44.96,0.3891
05/30/2022,31723.3,321.8,0.5695,1998.46,47.206,0.4186
05/31/2022,31793.4,320.79,0.6255,1941.79,45.718,0.4216
06/01/2022,29798.5,300.49,0.5514,1818.07,40.1,0.398
06/02/2022,30455.5,308.41,0.5881,1834.64,40.864,0.4054
06/03/2022,29700.9,298.7,0.5602,1775.29,38.265,0.3904
06/04/2022,29864.3,301.4,0.5664,1804.37,38.953,0.3924
06/05/2022,29913.0,298.98,0.5677,1806.71,38.523,0.3954
06/06/2022,31367.6,295.2,0.6094,1859.99,42.387,0.4028
06/07/2022,31128.8,290.3,0.6139,1813.72,39.321,0.4077
06/08/2022,30201.6,288.41,0.6408,1793.0,38.805,0.4005
06/09/2022,30097.8,289.9,0.6321,1788.06,39.948,0.4002
06/10/2022,29083.3,286.29,0.5743,1663.02,37.119,0.3815
06/11/2022,28403.4,269.71,0.5535,1531.42,33.874,0.3596
06/12/2022,26606.3,254.9,0.4907,1435.46,30.62,0.3432
06/13/2022,22448.0,222.71,0.4637,1206.67,28.405,0.3117
06/14/2022,22157.3,223.4,0.4837,1210.84,29.633,0.3218
06/15/2022,22577.9,233.7,0.5351,1237.92,34.708,0.3436
06/16/2022,20386.6,210.1,0.476,1068.49,30.086,0.313
06/17/2022,20444.6,215.7,0.487,1086.47,30.667,0.3209
06/18/2022,18986.5,197.09,0.4551,995.61,31.95,0.3075
06/19/2022,20577.2,215.0,0.4846,1128.39,34.209,0.3263
06/20/2022,20572.3,216.6,0.4914,1128.32,35.265,0.3224
06/21/2022,20720.4,220.1,0.4813,1125.96,36.247,0.3294
06/22/2022,19965.8,214.1,0.459,1049.02,34.082,0.3222
06/23/2022,21100.7,228.81,0.4798,1144.19,38.15,0.3357
06/24/2022,21226.9,240.19,0.498,1225.03,41.896,0.3674
06/25/2022,21489.9,239.69,0.4984,1241.76,42.26,0.3675
06/26/2022,21043.5,234.0,0.4898,1198.03,39.411,0.359
06/27/2022,20730.2,233.69,0.4849,1190.84,38.444,0.3533
06/28/2022,20278.0,227.09,0.4696,1143.97,35.315,0.3374
06/29/2022,20111.3,219.69,0.4658,1099.51,34.003,0.3294
06/30/2022,19926.6,219.39,0.4591,1069.05,33.749,0.332
07/01/2022,19262.9,216.79,0.4487,1058.94,32.846,0.314
07/02/2022,19243.2,218.2,0.4557,1066.6,33.348,0.3155
07/03/2022,19309.9,219.2,0.4559,1074.08,33.397,0.3214
07/04/2022,20215.8,231.3,0.4693,1151.19,36.706,0.3286
07/05/2022,20200.6,231.09,0.4577,1133.9,35.411,0.3257
07/06/2022,20561.1,238.59,0.4622,1186.45,37.037,0.3324
07/07/2022,21637.8,241.5,0.4778,1238.15,38.484,0.3427
07/08/2022,21611.2,240.8,0.4663,1216.33,38.134,0.3408
07/09/2022,21587.5,243.39,0.478,1216.94,38.07,0.3448
07/10/2022,20847.4,234.6,0.4621,1167.35,36.69,0.3253
07/11/2022,19963.2,225.7,0.4348,1096.43,33.448,0.3151
07/12/2022,19330.9,220.6,0.4171,1038.56,32.667,0.3117
07/13/2022,20250.0,230.59,0.4388,1115.83,34.937,0.3237
07/14/2022,20586.0,238.4,0.4414,1192.75,37.132,0.3336
07/15/2022,20825.1,238.4,0.4417,1231.03,37.367,0.334
07/16/2022,21209.9,249.79,0.4576,1356.08,39.6,0.3505
07/17/2022,20785.6,247.8,0.4475,1337.85,38.557,0.3431
07/18/2022,22525.8,264.6,0.4914,1584.77,43.578,0.3657
07/19/2022,23410.2,268.6,0.5154,1543.5,44.89,0.3734
07/20/2022,23215.2,258.3,0.4906,1520.64,42.04,0.3626
07/21/2022,23153.0,265.5,0.4995,1575.68,43.131,0.3668
07/22/2022,22675.2,262.21,0.4824,1534.85,40.539,0.3576
07/23/2022,22460.4,259.2,0.5172,1549.61,39.99,0.3593
07/24/2022,22582.1,261.5,0.5124,1598.19,40.987,0.3586
07/25/2022,21301.9,244.7,0.475,1438.52,36.661,0.3358
07/26/2022,21248.7,249.3,0.4682,1450.7,36.27,0.3376
07/27/2022,22958.3,271.6,0.511,1636.01,40.259,0.3595
07/28/2022,23850.0,277.2,0.5131,1726.01,42.98,0.3738
07/29/2022,23774.3,293.61,0.5213,1720.77,41.909,0.3677
07/30/2022,23634.2,287.7,0.5253,1695.97,43.837,0.3877
07/31/2022,23303.4,283.5,0.5167,1680.0,42.416,0.3793
08/01/2022,23271.2,283.49,0.5125,1630.1,41.749,0.3791
08/02/2022,22988.6,283.8,0.4966,1631.48,39.733,0.3715
08/03/2022,22820.8,297.5,0.5005,1618.08,38.56,0.3695
08/04/2022,22612.1,311.5,0.4994,1606.94,38.804,0.3708
08/05/2022,23308.2,315.9,0.5176,1737.71,40.573,0.3764
08/06/2022,22944.2,315.01,0.5113,1690.27,40.055,0.3714
08/07/2022,23175.3,322.8,0.5274,1700.29,40.594,0.3723
08/08/2022,23816.3,325.0,0.5372,1778.42,42.23,0.3788
08/09/2022,23146.7,324.4,0.513,1702.8,40.353,0.3674
08/10/2022,23962.9,328.8,0.5373,1853.46,42.462,0.3814
08/11/2022,23935.3,323.6,0.5302,1880.28,42.757,0.3801
08/12/2022,24398.7,328.0,0.5402,1957.63,45.439,0.3794
08/13/2022,24442.5,324.1,0.5593,1983.5,46.569,0.378
08/14/2022,24302.8,317.51,0.5695,1935.1,44.876,0.3757
08/15/2022,24101.7,319.5,0.5499,1900.25,43.71,0.3751
08/16/2022,23856.8,316.11,0.5571,1876.7,43.127,0.377
08/17/2022,23338.0,306.9,0.5382,1834.18,40.519,0.3796
08/18/2022,23203.6,298.01,0.5119,1846.51,39.495,0.3702
08/19/2022,20831.3,279.12,0.4502,1609.48,35.844,0.3346
08/20/2022,21138.9,283.8,0.4507,1575.6,35.28,0.3368
08/21/2022,21517.2,301.71,0.4626,1618.25,36.458,0.3447
08/22/2022,21416.3,300.2,0.4619,1626.75,35.45,0.3441
08/23/2022,21517.2,299.11,0.4648,1664.89,35.657,0.3471
08/24/2022,21365.2,296.4,0.4578,1656.64,34.896,0.3456
08/25/2022,21565.4,301.3,0.4645,1695.37,35.29,0.3491
08/26/2022,20249.9,279.22,0.4312,1508.08,31.756,0.339
08/27/2022,20033.9,277.8,0.4496,1490.83,31.523,0.3346
08/28/2022,19550.2,276.49,0.4289,1426.25,30.33,0.3222
08/29/2022,20295.8,285.9,0.4504,1552.6,32.42,0.3339
08/30/2022,19792.6,281.5,0.4526,1523.34,31.443,0.3266
08/31/2022,20043.9,279.11,0.4461,1555.12,31.507,0.3277
09/01/2022,20126.1,278.31,0.4573,1585.48,31.603,0.3331
09/02/2022,19952.7,277.5,0.4543,1575.34,31.257,0.3314
09/03/2022,19831.4,277.8,0.4802,1557.55,31.12,0.3296
09/04/2022,19999.9,278.91,0.5034,1578.89,32.13,0.3317
09/05/2022,19793.1,276.71,0.4986,1617.07,32.157,0.3329
09/06/2022,18786.4,262.3,0.4623,1557.85,30.872,0.3214
09/07/2022,19281.5,278.81,0.4785,1629.51,32.681,0.3368
09/08/2022,19317.4,280.5,0.479,1634.85,33.603,0.3396
09/09/2022,21365.2,293.4,0.5025,1718.81,34.719,0.3569
09/10/2022,21650.4,296.61,0.5121,1774.38,35.055,0.3573
09/11/2022,21834.9,295.4,0.5098,1766.93,34.99,0.3552
09/12/2022,22395.3,293.81,0.5012,1716.42,37.458,0.3598
09/13/2022,20175.5,277.4,0.4634,1574.47,32.996,0.3326
09/14/2022,20222.5,279.4,0.4811,1637.92,34.113,0.3418
09/15/2022,19701.7,271.0,0.4662,1472.64,33.088,0.3263
09/16/2022,19802.4,274.9,0.4746,1434.01,32.233,0.3552
09/17/2022,20113.5,279.09,0.486,1468.79,33.711,0.3759
09/18/2022,19418.8,266.21,0.4473,1335.01,31.1,0.3578
09/19/2022,19538.9,272.0,0.4526,1376.0,32.623,0.3849
09/20/2022,18872.4,266.21,0.4421,1323.33,31.413,0.4148
09/21/2022,18489.0,264.49,0.4395,1247.74,30.761,0.394
09/22/2022,19404.0,275.3,0.4582,1326.44,32.415,0.4852
09/23/2022,19293.5,276.8,0.4621,1327.96,33.67,0.5077
09/24/2022,18925.2,274.6,0.4511,1317.0,33.417,0.4878
09/25/2022,18803.2,274.11,0.4462,1294.26,32.306,0.492
09/26/2022,19225.7,276.11,0.4473,1337.06,33.887,0.4682
09/27/2022,19081.0,272.4,0.4413,1328.23,32.69,0.4468
09/28/2022,19411.0,281.6,0.4361,1337.37,33.213,0.4488
09/29/2022,19593.0,284.0,0.4382,1336.08,33.917,0.4869
09/30/2022,19423.0,284.89,0.4347,1328.73,33.243,0.4799
10/01/2022,19311.9,282.91,0.43,1311.8,32.443,0.4754
10/02/2022,19052.2,284.41,0.4193,1275.74,32.064,0.4483
10/03/2022,19628.3,287.0,0.4276,1323.41,32.888,0.4623
10/04/2022,20340.2,296.3,0.4356,1361.48,34.101,0.4796
10/05/2022,20157.5,294.1,0.4309,1352.07,34.04,0.4887
10/06/2022,19956.7,287.0,0.4287,1352.27,33.369,0.4936
10/07/2022,19531.3,282.41,0.4239,1330.99,32.98,0.5178
10/08/2022,19415.0,276.3,0.4219,1315.05,32.576,0.5172
10/09/2022,19441.0,278.11,0.4229,1323.41,32.923,0.5326
10/10/2022,19134.6,271.51,0.4011,1290.04,31.934,0.4938
10/11/2022,19059.1,271.31,0.3908,1279.97,30.81,0.4861
10/12/2022,19154.8,270.81,0.3813,1294.57,31.156,0.4882
10/13/2022,19379.8,271.7,0.3769,1287.34,30.507,0.4791
10/14/2022,19181.8,269.5,0.3668,1296.74,30.004,0.4885
10/15/2022,19068.7,268.2,0.364,1274.57,29.588,0.4818
10/16/2022,19261.9,272.5,0.3703,1305.95,30.167,0.4766
10/17/2022,19548.2,275.7,0.3723,1331.12,31.213,0.4798
10/18/2022,19328.2,273.19,0.3623,1310.81,30.14,0.4658
10/19/2022,19123.9,272.1,0.3498,1285.32,28.857,0.4506
10/20/2022,19042.9,269.0,0.3402,1282.87,28.037,0.4466
10/21/2022,19162.6,270.0,0.349,1299.76,28.103,0.4612
10/22/2022,19204.8,270.49,0.3513,1313.64,28.008,0.4654
10/23/2022,19571.2,275.99,0.3621,1363.92,29.293,0.4688
10/24/2022,19331.5,274.1,0.3572,1343.88,28.3,0.4532
10/25/2022,20082.7,284.1,0.4,1459.6,30.887,0.4606
10/26/2022,20769.5,290.3,0.4031,1566.16,31.294,0.469
10/27/2022,20292.9,286.8,0.3882,1514.19,30.596,0.4616
10/28/2022,20594.4,297.81,0.4045,1554.47,32.053,0.4745
10/29/2022,20809.8,304.4,0.4205,1619.69,32.873,0.4701
10/30/2022,20626.3,313.5,0.4057,1590.47,32.933,0.458
10/31/2022,20496.3,325.79,0.4058,1572.89,32.571,0.4643
11/01/2022,20483.5,323.9,0.4012,1579.64,32.203,0.4636
11/02/2022,20154.4,320.2,0.3858,1519.04,30.813,0.4499
11/03/2022,20206.4,329.61,0.3893,1531.08,30.86,0.4549
11/04/2022,21145.9,354.5,0.4215,1645.01,33.737,0.506
11/05/2022,21301.6,349.4,0.4265,1627.07,36.874,0.493
11/06/2022,20916.3,338.28,0.4024,1570.86,32.627,0.471
11/07/2022,20589.0,336.9,0.4039,1567.57,29.599,0.465
11/08/2022,18527.4,327.5,0.3724,1335.25,24.314,0.406
11/09/2022,15886.9,266.91,0.3168,1100.84,14.016,0.3321
11/10/2022,17589.1,304.01,0.3687,1299.15,17.638,0.3947
11/11/2022,17049.9,290.2,0.3558,1288.63,16.451,0.3843
11/12/2022,16795.2,282.69,0.3395,1256.29,14.544,0.3634
11/13/2022,16324.5,276.7,0.3297,1221.47,13.157,0.3408
11/14/2022,16613.7,279.0,0.3321,1242.64,13.989,0.3768
11/15/2022,16895.1,277.0,0.3371,1253.45,14.315,0.3891
11/16/2022,16540.5,270.2,0.3285,1206.16,14.173,0.3736
11/17/2022,16691.2,268.5,0.3254,1205.17,13.73,0.3824
11/18/2022,16638.3,273.0,0.324,1207.31,13.186,0.3817
11/19/2022,16699.2,272.61,0.328,1217.65,12.83,0.384
11/20/2022,16286.7,264.39,0.3122,1142.88,12.274,0.3613
11/21/2022,15776.2,254.1,0.3046,1107.46,11.836,0.3645
11/22/2022,16212.9,266.68,0.3124,1139.74,12.422,0.3758
11/23/2022,16623.9,298.69,0.3188,1185.79,14.362,0.3818
11/24/2022,16601.2,300.11,0.3163,1203.77,14.586,0.402
11/25/2022,16512.3,300.41,0.3145,1198.12,14.01,0.4077
11/26/2022,16456.5,311.2,0.3135,1205.15,14.166,0.3961
11/27/2022,16425.6,307.6,0.3126,1193.38,14.111,0.3961
11/28/2022,16211.7,293.4,0.3066,1167.73,13.324,0.3893
11/29/2022,16440.4,295.39,0.3091,1216.55,13.346,0.398
11/30/2022,17163.9,300.4,0.3187,1294.41,14.157,0.4078
12/01/2022,16972.0,292.1,0.3145,1276.05,13.504,0.3967
12/02/2022,17093.6,293.5,0.3193,1295.69,13.713,0.3963
12/03/2022,16884.5,290.4,0.3196,1240.46,13.293,0.3871
12/04/2022,17112.6,292.19,0.3225,1279.74,13.71,0.3897
12/05/2022,16966.5,288.41,0.3193,1259.56,13.823,0.3894
12/06/2022,17089.3,290.2,0.3182,1271.26,14.3,0.3915
12/07/2022,16835.2,284.1,0.3102,1231.04,13.493,0.3833
12/08/2022,17225.7,290.5,0.3144,1280.29,13.69,0.3943
12/09/2022,17125.7,286.0,0.3117,1262.86,13.58,0.3888
12/10/2022,17127.2,288.1,0.3126,1266.62,13.577,0.3866
12/11/2022,17093.3,284.5,0.3074,1263.42,13.423,0.381
12/12/2022,17210.4,276.1,0.3069,1275.02,13.314,0.3872
12/13/2022,17778.6,272.2,0.314,1320.76,13.883,0.3953
12/14/2022,17796.4,267.7,0.3079,1307.3,14.124,0.3852
12/15/2022,17356.1,258.6,0.3002,1266.32,14.046,0.3779
12/16/2022,16629.6,231.1,0.2634,1166.7,12.276,0.3512
12/17/2022,16777.1,242.0,0.2669,1187.18,12.505,0.3546
12/18/2022,16741.1,251.0,0.2659,1182.7,12.37,0.3498
12/19/2022,16441.3,240.5,0.2528,1167.8,11.94,0.3389
12/20/2022,16902.8,251.4,0.2587,1217.2,12.27,0.3486
12/21/2022,16831.8,246.2,0.2534,1213.85,12.14,0.3455
12/22/2022,16820.6,245.9,0.2567,1217.57,11.81,0.3494
12/23/2022,16779.1,246.2,0.2594,1220.03,11.785,0.3543
12/24/2022,16837.2,244.5,0.2592,1220.46,11.45,0.352
12/25/2022,16831.8,243.2,0.2591,1218.69,11.385,0.3458
12/26/2022,16918.1,244.3,0.2652,1227.65,11.339,0.3659
12/27/2022,16706.1,246.6,0.2603,1211.6,11.09,0.3675
12/28/2022,16546.2,244.4,0.2482,1189.98,9.76,0.356
12/29/2022,16636.4,246.3,0.2439,1200.84,9.658,0.3421
12/30/2022,16607.2,245.8,0.2457,1199.8,9.895,0.3452
12/31/2022,16537.4,246.1,0.2456,1195.67,9.955,0.3387
01/01/2023,16618.4,244.4,0.2499,1200.52,10.0,0.3387
01/02/2023,16674.3,245.2,0.2537,1213.93,11.274,0.3482
01/03/2023,16674.2,246.2,0.2529,1214.57,13.37,0.3437
01/04/2023,16852.1,259.0,0.2678,1256.92,13.438,0.3478
01/05/2023,16829.8,256.6,0.2691,1250.95,13.42,0.3379
01/06/2023,16950.9,259.9,0.2786,1269.14,13.52,0.3444
01/07/2023,16943.6,261.3,0.2766,1263.9,13.094,0.3441
01/08/2023,17119.0,274.61,0.2972,1288.38,14.482,0.3448
01/09/2023,17180.1,272.61,0.3169,1320.51,16.266,0.349
01/10/2023,17439.1,277.1,0.3224,1335.13,16.194,0.3508
01/11/2023,17942.3,284.6,0.3231,1389.84,16.357,0.3729
01/12/2023,18851.3,287.7,0.3294,1416.08,16.6,0.3748
01/13/2023,19927.0,293.7,0.3456,1450.86,18.287,0.386
01/14/2023,20958.2,305.2,0.3525,1550.02,24.247,0.3953
01/15/2023,20879.8,302.1,0.3507,1552.69,22.897,0.3847
01/16/2023,21184.2,299.1,0.3503,1576.94,23.578,0.3862
01/17/2023,21137.1,299.3,0.3456,1564.67,22.87,0.3869
01/18/2023,20670.6,286.9,0.3266,1511.31,20.849,0.3787
01/19/2023,21081.2,294.6,0.338,1551.62,21.42,0.3929
01/20/2023,22677.2,305.1,0.3645,1659.98,25.55,0.4131
01/21/2023,22775.7,299.0,0.3687,1625.53,24.547,0.4032
01/22/2023,22707.8,303.1,0.3763,1627.03,24.222,0.4004
01/23/2023,22915.5,305.2,0.375,1626.53,24.316,0.424
01/24/2023,22632.5,300.3,0.3588,1556.15,22.767,0.4079
01/25/2023,23055.1,306.71,0.373,1611.2,24.51,0.417
01/26/2023,23016.0,304.9,0.3798,1602.55,24.349,0.4094
01/27/2023,23074.6,307.99,0.3895,1597.6,24.42,0.4128
01/28/2023,23027.9,306.3,0.3822,1573.07,24.016,0.4079
01/29/2023,23753.1,317.29,0.3978,1645.97,26.097,0.4133
01/30/2023,22832.2,307.1,0.3725,1566.5,23.966,0.3936
01/31/2023,23125.1,312.11,0.3903,1585.27,23.923,0.4057
02/01/2023,23725.6,316.9,0.3969,1642.1,24.986,0.4133
02/02/2023,23427.6,322.7,0.397,1641.71,24.254,0.4096
02/03/2023,23431.2,332.2,0.4038,1663.79,24.67,0.4115
02/04/2023,23323.8,330.4,0.3991,1666.9,24.35,0.4109
02/05/2023,22936.0,327.7,0.3924,1629.44,23.464,0.3984
02/06/2023,22761.8,324.1,0.382,1613.72,22.652,0.3919
02/07/2023,23251.7,333.1,0.3989,1671.4,23.825,0.4036
02/08/2023,22964.6,328.2,0.3942,1650.99,23.215,0.3976
02/09/2023,21792.5,306.19,0.3622,1545.35,20.48,0.3817
02/10/2023,21635.0,305.89,0.3583,1513.82,20.122,0.3821
02/11/2023,21859.8,310.31,0.3685,1538.34,20.813,0.3835
02/12/2023,21786.8,312.6,0.3642,1515.44,21.502,0.3748
02/13/2023,21772.6,294.31,0.3591,1505.84,20.777,0.3704
02/14/2023,22198.5,296.2,0.3867,1555.46,21.842,0.3821
02/15/2023,24327.9,317.5,0.4187,1675.43,23.88,0.4011
02/16/2023,23539.6,304.41,0.3873,1640.66,22.293,0.3842
02/17/2023,24573.5,313.1,0.4036,1693.96,23.148,0.3949
02/18/2023,24631.4,316.5,0.4061,1691.62,23.453,0.3943
02/19/2023,24302.9,312.19,0.3997,1681.52,24.869,0.3864
02/20/2023,24839.5,315.4,0.4037,1703.27,26.245,0.3984
02/21/2023,24450.7,311.5,0.3926,1659.41,24.98,0.3919
02/22/2023,24186.6,312.7,0.389,1643.39,24.162,0.3951
02/23/2023,23936.3,308.3,0.3824,1650.52,23.918,0.3883
02/24/2023,23191.5,302.29,0.3657,1608.24,23.08,0.3784
02/25/2023,23166.1,302.4,0.362,1594.66,22.378,0.3779
02/26/2023,23558.7,308.7,0.3691,1641.6,23.274,0.378
02/27/2023,23494.1,304.7,0.3647,1633.66,22.677,0.3785
02/28/2023,23130.5,301.39,0.3518,1604.69,21.88,0.3762
03/01/2023,23642.2,302.7,0.3604,1666.09,22.52,0.3837
03/02/2023,23465.4,299.8,0.3503,1647.38,21.997,0.3771
03/03/2023,22354.4,290.4,0.3431,1568.89,21.423,0.3774
03/04/2023,22347.1,289.49,0.3366,1566.73,20.988,0.3735
03/05/2023,22428.3,288.71,0.3369,1564.37,20.974,0.3668
03/06/2023,22410.0,287.9,0.3305,1565.84,20.61,0.3696
03/07/2023,22197.8,289.3,0.3305,1561.78,20.236,0.3802
03/08/2023,21710.8,286.99,0.3176,1533.04,18.41,0.3887
03/09/2023,20361.8,277.49,0.3102,1438.5,17.341,0.371
03/10/2023,20156.7,277.48,0.3149,1426.75,18.208,0.37
03/11/2023,20467.5,275.9,0.305,1471.15,18.113,0.3638
03/12/2023,21994.8,287.99,0.3295,1580.24,20.184,0.3713
03/13/2023,24114.4,307.8,0.3432,1673.93,20.425,0.3723
03/14/2023,24699.7,308.59,0.3433,1700.15,20.914,0.3726
03/15/2023,24282.7,306.3,0.3241,1649.65,19.261,0.359
03/16/2023,25004.1,329.39,0.3248,1673.85,19.697,0.3648
03/17/2023,27391.8,338.88,0.3493,1789.38,21.624,0.3799
03/18/2023,26914.5,331.01,0.3373,1758.7,21.215,0.374
03/19/2023,27958.7,336.57,0.3447,1779.47,21.855,0.3855
03/20/2023,27720.5,332.4,0.3319,1732.31,22.147,0.3732
03/21/2023,28114.0,334.31,0.37,1803.54,22.574,0.4683
03/22/2023,27261.7,321.2,0.3596,1734.48,21.425,0.4211
03/23/2023,28310.7,329.31,0.3717,1814.08,22.184,0.444
03/24/2023,27462.2,321.81,0.3593,1749.26,20.659,0.4256
03/25/2023,27475.6,322.5,0.3514,1742.34,20.425,0.4432
03/26/2023,27973.5,328.6,0.3557,1774.06,20.957,0.448
03/27/2023,27129.8,310.7,0.3456,1714.65,19.9,0.4793
03/28/2023,27262.2,313.3,0.3681,1772.63,20.453,0.5144
03/29/2023,28350.4,313.8,0.3812,1793.27,21.11,0.5427
03/30/2023,28029.5,316.4,0.376,1793.59,20.555,0.5322
03/31/2023,28473.7,317.1,0.3989,1821.62,21.165,0.538
04/01/2023,28456.1,314.9,0.3918,1820.78,21.072,0.5095
04/02/2023,28198.3,313.81,0.3814,1795.01,20.524,0.518
04/03/2023,27802.1,308.6,0.3873,1810.77,20.446,0.4957
04/04/2023,28164.4,310.8,0.3894,1870.52,20.922,0.5027
04/05/2023,28173.5,314.0,0.3924,1908.96,20.97,0.5056
04/06/2023,28036.7,312.19,0.3829,1872.35,20.62,0.5028
04/07/2023,27910.4,310.4,0.3834,1863.46,20.446,0.513
04/08/2023,27941.2,310.5,0.3855,1848.93,20.043,0.505
04/09/2023,28326.6,312.8,0.3894,1858.9,20.285,0.5054
04/10/2023,29641.0,318.59,0.3971,1910.36,20.904,0.5177
04/11/2023,30209.6,322.21,0.4015,1889.86,22.982,0.5169
04/12/2023,29886.4,319.8,0.4044,1916.58,23.788,0.5047
04/13/2023,30387.4,324.6,0.4251,2012.11,24.437,0.5124
04/14/2023,30472.5,328.8,0.4381,2099.98,24.723,0.5227
04/15/2023,30299.6,333.0,0.4521,2090.59,24.047,0.5193
04/16/2023,30310.3,347.7,0.4513,2119.29,25.36,0.5209
04/17/2023,29434.9,340.0,0.4341,2074.74,24.569,0.5109
04/18/2023,30382.2,343.0,0.4433,2103.34,24.823,0.5318
04/19/2023,28813.7,322.4,0.4162,1935.97,22.683,0.4911
04/20/2023,28240.5,318.09,0.4007,1942.72,22.183,0.4752
04/21/2023,27264.8,321.3,0.383,1849.81,21.267,0.4492
04/22/2023,27813.9,332.08,0.3956,1873.95,21.795,0.4719
04/23/2023,27591.4,330.7,0.3887,1862.05,21.47,0.4648
04/24/2023,27509.3,331.1,0.3835,1841.88,21.38,0.4607
04/25/2023,28298.8,338.39,0.3945,1865.95,21.92,0.4697
04/26/2023,28424.6,330.5,0.4014,1866.05,21.284,0.4618
04/27/2023,29475.9,330.7,0.4101,1908.81,22.332,0.4667
04/28/2023,29321.8,324.1,0.4045,1891.14,23.348,0.4797
04/29/2023,29234.1,321.9,0.4025,1907.8,23.186,0.478
04/30/2023,29252.1,337.58,0.3955,1868.88,22.739,0.4705
05/01/2023,28077.6,328.6,0.3867,1830.75,21.975,0.4649
05/02/2023,28669.1,321.51,0.3916,1869.74,22.252,0.4646
05/03/2023,29023.6,325.9,0.3939,1904.74,22.22,0.4634
05/04/2023,28842.1,323.8,0.3873,1877.06,21.74,0.461
05/05/2023,29513.2,326.5,0.3941,1993.33,22.825,0.4671
05/06/2023,28857.1,321.9,0.3787,1896.48,21.928,0.4582
05/07/2023,28424.8,320.9,0.3759,1870.99,21.655,0.4489
05/08/2023,27670.5,313.79,0.3653,1847.48,20.632,0.4283
05/09/2023,27634.9,312.21,0.3633,1846.56,20.673,0.4289
05/10/2023,27603.3,314.3,0.3693,1840.92,20.932,0.4303
05/11/2023,26983.5,307.5,0.3597,1794.71,20.184,0.4206
05/12/2023,26799.2,308.6,0.3705,1807.31,20.906,0.4305
05/13/2023,26777.5,310.71,0.3646,1794.95,20.832,0.424
05/14/2023,26920.0,312.09,0.371,1799.36,20.944,0.4252
05/15/2023,27183.9,313.4,0.3671,1817.11,20.99,0.4274
05/16/2023,27035.3,311.3,0.3684,1823.98,20.673,0.4426
05/17/2023,27403.1,314.29,0.3755,1821.73,21.047,0.4481
05/18/2023,26828.0,309.4,0.3713,1800.99,20.347,0.4598
05/19/2023,26882.9,308.9,0.3681,1812.32,20.35,0.4675
05/20/2023,27116.2,310.7,0.3663,1819.68,20.29,0.4684
05/21/2023,26749.9,306.41,0.3602,1804.89,19.612,0.4575
05/22/2023,26847.3,309.1,0.368,1817.19,19.53,0.4617
05/23/2023,27220.7,313.5,0.3704,1854.08,20.028,0.4651
05/24/2023,26328.4,305.9,0.3639,1799.91,19.213,0.4531
05/25/2023,26475.8,304.6,0.3581,1805.69,19.25,0.4537
05/26/2023,26711.5,306.9,0.3626,1827.8,19.35,0.4685
05/27/2023,26857.5,307.4,0.3667,1829.91,20.424,0.4718
05/28/2023,28071.2,314.1,0.3828,1908.35,20.802,0.482
05/29/2023,27739.4,311.6,0.3788,1892.61,20.572,0.4944
05/30/2023,27698.2,311.4,0.3779,1900.59,21.253,0.5205
05/31/2023,27216.1,306.7,0.3744,1873.63,20.823,0.5168
06/01/2023,26819.0,304.8,0.3644,1861.77,20.497,0.5065
06/02/2023,27244.7,307.3,0.3781,1907.1,21.258,0.5247
06/03/2023,27072.0,306.6,0.3759,1892.05,21.19,0.5188
06/04/2023,27122.3,305.1,0.3774,1890.04,21.83,0.5358
06/05/2023,25747.4,277.1,0.3515,1811.2,20.0,0.509
06/06/2023,27230.2,281.11,0.353,1884.17,20.39,0.5299
06/07/2023,26342.5,259.21,0.3223,1832.1,18.627,0.5183
06/08/2023,26501.1,261.91,0.3227,1845.68,18.892,0.5238
06/09/2023,26479.3,260.51,0.2951,1840.41,17.398,0.538
06/10/2023,25844.0,238.7,0.2749,1751.56,15.623,0.5068
06/11/2023,25928.4,235.39,0.272,1752.8,15.551,0.5207
06/12/2023,25906.8,231.29,0.2747,1742.6,15.19,0.525
06/13/2023,25929.4,244.19,0.2751,1739.6,15.038,0.5191
06/14/2023,25129.5,237.89,0.2634,1650.96,14.488,0.4801
06/15/2023,25591.3,236.49,0.2621,1666.96,14.787,0.4803
06/16/2023,26341.3,239.38,0.2632,1717.92,15.32,0.4758
06/17/2023,26515.0,244.6,0.2667,1727.79,15.64,0.4794
06/18/2023,26339.7,244.1,0.261,1720.98,15.448,0.487
06/19/2023,26845.9,243.0,0.2634,1737.06,16.102,0.4934
06/20/2023,28307.7,247.7,0.2704,1791.61,16.633,0.4927
06/21/2023,29996.9,249.0,0.2864,1889.87,17.245,0.5
06/22/2023,29890.5,240.8,0.29,1872.32,16.634,0.494
06/23/2023,30679.4,244.2,0.2963,1891.97,17.142,0.4959
06/24/2023,30533.6,236.49,0.2894,1875.0,16.642,0.4866
06/25/2023,30465.3,238.89,0.292,1898.8,16.964,0.4902
06/26/2023,30267.0,236.09,0.2805,1859.0,16.262,0.4791
06/27/2023,30689.1,237.5,0.2866,1889.51,16.622,0.4838
06/28/2023,30078.6,230.5,0.2667,1827.95,15.965,0.4647
06/29/2023,30445.7,233.1,0.2751,1851.92,17.99,0.4746
06/30/2023,30472.9,240.4,0.2867,1933.8,18.858,0.4729
07/01/2023,30586.8,247.8,0.2925,1924.53,18.719,0.4733
07/02/2023,30617.7,246.4,0.2917,1937.57,19.462,0.4844
07/03/2023,31151.3,246.3,0.2967,1955.56,19.234,0.4891
07/04/2023,30768.4,242.4,0.2923,1936.19,19.134,0.4869
07/05/2023,30512.8,238.9,0.2841,1910.43,18.99,0.4776
07/06/2023,29913.1,232.29,0.2789,1848.36,19.641,0.4623
07/07/2023,30346.4,235.6,0.2845,1870.92,21.493,0.4686
07/08/2023,30288.8,236.3,0.2906,1865.28,21.823,0.4704
07/09/2023,30166.9,234.1,0.2845,1862.91,21.342,0.4681
07/10/2023,30415.3,246.2,0.2878,1880.42,21.305,0.478
07/11/2023,30623.3,248.69,0.2927,1878.33,22.078,0.4753
07/12/2023,30387.3,243.9,0.289,1871.86,21.942,0.4711
07/13/2023,31466.1,256.3,0.3564,2004.77,25.995,0.815
07/14/2023,30317.4,248.1,0.3278,1938.05,26.679,0.7182
07/15/2023,30291.4,250.9,0.3261,1931.42,27.456,0.7145
07/16/2023,30235.5,242.3,0.3145,1922.45,27.42,0.747
07/17/2023,30139.7,244.1,0.3118,1911.24,26.804,0.7375
07/18/2023,29866.8,240.2,0.3093,1897.58,25.554,0.779
07/19/2023,29909.7,241.0,0.3226,1888.65,26.32,0.8198
07/20/2023,29801.0,242.7,0.3158,1891.23,25.371,0.794
07/21/2023,29903.1,243.8,0.3127,1891.75,25.492,0.7713
07/22/2023,29788.9,240.9,0.31,1866.25,24.52,0.7329
07/23/2023,30085.9,242.4,0.3171,1888.85,24.76,0.7384
07/24/2023,29178.1,239.0,0.3053,1850.04,23.37,0.7022
07/25/2023,29228.6,237.8,0.3036,1857.67,23.27,0.709
07/26/2023,29352.2,239.0,0.3069,1872.0,25.19,0.7163
07/27/2023,29222.7,240.6,0.3077,1861.32,25.102,0.7139
07/28/2023,29315.0,241.9,0.3099,1874.23,24.82,0.7123
07/29/2023,29353.5,242.5,0.3129,1880.55,25.16,0.7121
07/30/2023,29281.7,242.5,0.3157,1861.81,24.25,0.7046
07/31/2023,29232.4,240.9,0.307,1856.17,23.72,0.6976
08/01/2023,29712.2,247.79,0.3103,1874.21,24.01,0.707
08/02/2023,29173.7,240.7,0.2994,1840.21,23.148,0.6851
08/03/2023,29189.3,241.1,0.2925,1835.98,22.64,0.6633
08/04/2023,29105.5,241.8,0.2935,1830.24,22.796,0.6356
08/05/2023,29068.1,243.3,0.2938,1836.48,22.648,0.6288
08/06/2023,29081.3,243.2,0.2922,1830.28,23.197,0.624
08/07/2023,29204.2,242.1,0.291,1829.11,23.109,0.6231
08/08/2023,29777.4,245.2,0.2975,1856.24,24.21,0.6419
08/09/2023,29578.0,243.8,0.3013,1855.36,24.385,0.6433
08/10/2023,29449.0,241.4,0.2964,1852.46,24.605,0.6329
08/11/2023,29420.8,239.7,0.2933,1848.88,24.618,0.6318
08/12/2023,29428.2,240.2,0.2919,1849.94,24.902,0.6274
08/13/2023,29300.1,240.2,0.2896,1840.73,24.23,0.6256
08/14/2023,29426.7,240.5,0.2906,1845.51,25.176,0.6342
08/15/2023,29195.3,236.89,0.2822,1828.98,23.946,0.6104
08/16/2023,28726.3,232.1,0.2748,1807.81,22.816,0.589
08/17/2023,26635.7,218.09,0.2552,1683.89,21.7,0.5066
08/18/2023,26053.2,216.1,0.2639,1661.26,21.348,0.506
08/19/2023,26099.4,216.9,0.2687,1669.67,21.9,0.52
08/20/2023,26190.8,216.5,0.2704,1685.24,21.768,0.5385
08/21/2023,26126.0,210.4,0.2628,1667.6,21.19,0.5244
08/22/2023,26039.9,210.9,0.2585,1634.29,20.584,0.5207
08/23/2023,26436.2,216.7,0.2681,1679.93,21.738,0.5301
08/24/2023,26177.0,219.0,0.2659,1660.89,21.058,0.5186
08/25/2023,26057.2,218.4,0.2612,1653.74,20.42,0.5257
08/26/2023,26017.1,216.5,0.261,1647.05,20.288,0.5231
08/27/2023,26100.6,218.3,0.2634,1658.33,20.79,0.5236
08/28/2023,26118.9,218.8,0.2676,1653.22,20.568,0.5232
08/29/2023,27723.9,226.9,0.2726,1729.69,21.792,0.54
08/30/2023,27298.8,223.8,0.2654,1705.22,20.812,0.5284
08/31/2023,25937.3,216.7,0.2554,1645.82,19.727,0.511
09/01/2023,25803.2,213.7,0.2551,1629.0,19.322,0.498
09/02/2023,25869.7,214.5,0.2562,1637.05,19.5,0.4988
09/03/2023,25971.0,214.3,0.2558,1635.85,19.572,0.5047
09/04/2023,25823.3,215.2,0.2561,1630.51,19.517,0.5086
09/05/2023,25790.2,214.6,0.2578,1634.46,20.258,0.5056
09/06/2023,25758.0,215.2,0.2577,1633.18,19.64,0.5032
09/07/2023,26249.8,217.1,0.258,1648.09,19.904,0.505
09/08/2023,25909.5,214.7,0.2544,1636.45,19.61,0.505
09/09/2023,25901.1,214.1,0.2533,1635.56,19.432,0.5038
09/10/2023,25840.2,212.4,0.249,1617.44,18.23,0.4969
09/11/2023,25166.4,206.2,0.2421,1551.89,17.736,0.4743
09/12/2023,25834.5,210.7,0.2454,1592.5,17.91,0.4802
09/13/2023,26223.0,212.6,0.2486,1607.63,18.398,0.4833
09/14/2023,26524.7,212.2,0.2513,1626.49,18.85,0.4891
09/15/2023,26601.0,214.1,0.2506,1641.31,19.14,0.5005
09/16/2023,26562.0,214.9,0.2503,1634.41,19.13,0.4997
09/17/2023,26529.1,216.4,0.2471,1622.65,18.822,0.4926
09/18/2023,26763.5,216.0,0.2515,1636.92,19.648,0.503
09/19/2023,27209.2,217.2,0.2548,1643.08,20.03,0.5138
09/20/2023,27125.0,214.3,0.2517,1622.28,20.297,0.5212
09/21/2023,26570.0,210.8,0.245,1584.03,19.463,0.5072
09/22/2023,26581.9,211.0,0.2449,1593.1,19.428,0.5121
09/23/2023,26579.2,210.5,0.2461,1593.89,19.488,0.5076
09/24/2023,26251.5,208.3,0.2428,1580.55,19.358,0.5021
09/25/2023,26302.7,210.0,0.2459,1588.62,19.398,0.5056
09/26/2023,26218.9,212.6,0.2454,1594.04,19.026,0.502
09/27/2023,26366.1,212.0,0.2446,1598.49,19.127,0.4995
09/28/2023,27022.6,215.0,0.2489,1652.89,19.96,0.5097
09/29/2023,26909.8,215.2,0.2494,1667.72,20.28,0.5217
09/30/2023,26962.7,214.5,0.254,1670.92,21.364,0.5148
10/01/2023,27974.5,218.0,0.2658,1732.89,23.883,0.5239
10/02/2023,27505.3,214.6,0.2591,1662.79,23.36,0.5123
10/03/2023,27428.4,213.5,0.261,1656.88,23.608,0.5389
10/04/2023,27790.9,213.2,0.259,1647.05,23.14,0.5326
10/05/2023,27410.3,210.7,0.2601,1611.58,22.67,0.5228
10/06/2023,27936.9,213.4,0.2646,1645.62,23.483,0.5254
10/07/2023,27961.1,212.3,0.2587,1633.58,23.303,0.5215
10/08/2023,27922.7,211.4,0.2564,1632.85,23.224,0.5175
10/09/2023,27581.4,205.8,0.2513,1579.74,22.097,0.5026
10/10/2023,27391.0,208.5,0.2491,1567.6,22.098,0.4964
10/11/2023,26876.6,206.59,0.248,1566.88,22.015,0.489
10/12/2023,26761.1,205.3,0.246,1539.7,21.299,0.483
10/13/2023,26863.5,206.0,0.2458,1552.17,21.84,0.4851
10/14/2023,26852.8,206.6,0.247,1554.96,21.99,0.4865
10/15/2023,27161.2,209.8,0.2473,1557.66,21.914,0.4874
10/16/2023,28509.7,214.7,0.2512,1599.48,23.952,0.4978
10/17/2023,28403.6,211.5,0.2464,1564.99,23.934,0.4911
10/18/2023,28321.7,210.2,0.243,1563.43,23.417,0.4877
10/19/2023,28723.0,211.1,0.2469,1566.79,24.942,0.5196
10/20/2023,29674.5,212.1,0.2512,1603.89,27.02,0.515
10/21/2023,29912.9,214.1,0.2586,1628.94,29.343,0.5211
10/22/2023,29984.2,217.8,0.2639,1663.35,29.049,0.5226
10/23/2023,33041.8,228.3,0.2806,1763.75,31.922,0.5472
10/24/2023,33917.0,225.1,0.2791,1784.88,30.16,0.5589
10/25/2023,34496.8,222.1,0.2808,1787.0,32.444,0.5552
10/26/2023,34153.7,223.2,0.2872,1803.13,32.78,0.5535
10/27/2023,33901.8,224.4,0.2893,1779.54,31.724,0.543
10/28/2023,34082.6,225.7,0.2911,1776.21,31.632,0.5446
10/29/2023,34526.7,227.0,0.2954,1794.96,32.805,0.5561
10/30/2023,34477.9,227.9,0.303,1809.05,34.942,0.5782
10/31/2023,34650.6,226.3,0.293,1815.13,38.398,0.5996
11/01/2023,35423.8,227.9,0.3073,1846.6,41.113,0.6087
11/02/2023,34931.4,231.8,0.323,1800.27,40.246,0.6054
11/03/2023,34718.7,230.3,0.3291,1832.29,39.452,0.6121
11/04/2023,35065.8,237.1,0.3278,1855.72,42.424,0.6151
11/05/2023,35019.4,244.0,0.3417,1892.36,41.154,0.6605
11/06/2023,35042.0,255.09,0.3623,1900.98,42.187,0.7148
11/07/2023,35426.1,246.3,0.3513,1885.97,42.946,0.6852
11/08/2023,35636.9,246.71,0.3578,1889.29,43.127,0.6871
11/09/2023,36700.5,251.7,0.3682,2120.16,45.335,0.6666
11/10/2023,37303.0,250.9,0.3863,2077.78,56.677,0.6597
11/11/2023,37150.5,251.59,0.3844,2053.42,56.354,0.6627
11/12/2023,37064.4,247.4,0.3835,2044.61,56.35,0.6616
11/13/2023,36478.3,241.19,0.3569,2054.18,51.662,0.6704
11/14/2023,35549.3,242.2,0.3578,1979.1,56.82,0.6294
11/15/2023,37874.9,253.79,0.3787,2058.93,65.555,0.6481
11/16/2023,36161.2,242.7,0.3709,1961.76,57.815,0.612
11/17/2023,36595.4,244.79,0.3672,1960.8,58.497,0.6132
11/18/2023,36568.6,244.8,0.3772,1961.72,58.552,0.6106
11/19/2023,37354.2,246.31,0.3841,2011.01,61.114,0.6255
11/20/2023,37454.1,253.1,0.3803,2021.49,56.574,0.6122
11/21/2023,35813.6,225.7,0.3569,1934.62,51.691,0.5788
11/22/2023,37410.8,236.1,0.3802,2063.05,57.482,0.6107
11/23/2023,37293.1,233.7,0.387,2061.92,56.412,0.6203
11/24/2023,37717.3,232.8,0.3861,2080.62,56.863,0.6212
11/25/2023,37787.0,234.5,0.394,2083.09,58.809,0.6225
11/26/2023,37451.8,231.6,0.3873,2062.64,57.559,0.6154
11/27/2023,37248.6,227.3,0.3778,2027.51,55.06,0.6034
11/28/2023,37823.3,229.6,0.3853,2048.47,58.192,0.6087
11/29/2023,37855.5,227.3,0.3817,2028.99,59.294,0.6083
11/30/2023,37712.9,227.6,0.3757,2051.56,59.199,0.6054
12/01/2023,38688.2,228.5,0.3839,2087.21,59.754,0.6116
12/02/2023,39458.4,229.1,0.397,2164.79,63.807,0.619
12/03/2023,39970.2,228.1,0.3947,2192.79,62.988,0.6221
12/04/2023,41987.8,233.5,0.4068,2243.54,61.572,0.6238
12/05/2023,44076.2,231.2,0.4252,2293.34,60.959,0.6201
12/06/2023,43776.3,229.59,0.4425,2233.45,61.896,0.6396
12/07/2023,43289.7,232.7,0.4544,2355.8,67.791,0.6416
12/08/2023,44175.5,238.8,0.5453,2358.42,74.896,0.6724
12/09/2023,43718.4,237.5,0.5779,2340.55,72.319,0.6585
12/10/2023,43791.0,239.7,0.5946,2352.26,74.75,0.6617
12/11/2023,41256.1,246.41,0.5505,2225.34,70.297,0.6186
12/12/2023,41487.0,254.39,0.5781,2203.49,68.55,0.619
12/13/2023,42884.5,252.1,0.6671,2260.18,70.598,0.6272
12/14/2023,43025.9,253.4,0.6434,2315.64,75.686,0.6316
12/15/2023,41929.0,244.91,0.6004,2220.41,72.545,0.6155
12/16/2023,42271.7,244.4,0.6082,2229.07,73.724,0.6204
12/17/2023,41368.7,239.0,0.5803,2197.04,70.737,0.6103
12/18/2023,42659.7,241.69,0.6027,2218.8,74.394,0.6124
12/19/2023,42259.3,252.89,0.576,2177.44,73.078,0.6045
12/20/2023,43662.8,260.2,0.5897,2202.19,82.164,0.617
12/21/2023,43865.9,271.5,0.6354,2239.62,93.92,0.6241
12/22/2023,43968.9,270.9,0.6226,2324.23,97.972,0.6243
12/23/2023,43710.4,270.8,0.6128,2308.61,107.948,0.6195
12/24/2023,42981.5,264.4,0.5914,2263.57,112.471,0.612
12/25/2023,43578.5,266.8,0.6243,2271.38,120.761,0.6461
12/26/2023,42513.3,297.8,0.6083,2230.74,112.603,0.622
12/27/2023,43446.5,323.99,0.6335,2378.63,106.782,0.6344
12/28/2023,42581.1,322.8,0.616,2344.47,101.845,0.6345
12/29/2023,42072.4,313.6,0.6083,2299.24,106.166,0.623
12/30/2023,42136.7,316.6,0.6011,2291.7,101.808,0.6207
12/31/2023,42272.5,312.0,0.5943,2281.9,101.59,0.6154
01/01/2024,44183.4,313.51,0.6228,2352.03,109.628,0.6295
01/02/2024,44943.7,312.19,0.6049,2355.27,106.72,0.6245
01/03/2024,42836.1,315.82,0.5568,2209.49,98.536,0.5822
01/04/2024,44157.0,323.7,0.5699,2267.27,104.876,0.5869
01/05/2024,44156.9,317.3,0.5414,2268.12,99.93,0.5757
01/06/2024,43967.9,307.3,0.5226,2240.49,93.728,0.5679
01/07/2024,43927.3,302.3,0.494,2221.4,89.328,0.5511
01/08/2024,46962.2,303.6,0.5412,2330.98,97.86,0.5774
01/09/2024,46129.0,301.0,0.5123,2344.67,99.37,0.5669
01/10/2024,46629.3,305.4,0.5654,2581.79,102.024,0.6005
01/11/2024,46348.2,308.3,0.5819,2618.08,99.862,0.6018
01/12/2024,42835.9,296.8,0.5477,2523.98,92.039,0.5702
01/13/2024,42851.3,302.1,0.5491,2578.36,95.774,0.5747
01/14/2024,41746.1,299.41,0.5252,2473.96,93.855,0.5765
01/15/2024,42510.7,317.59,0.5274,2511.94,94.398,0.5756
01/16/2024,43145.5,315.11,0.5357,2588.64,97.607,0.5757
01/17/2024,42768.7,309.3,0.5282,2531.26,102.07,0.5686
01/18/2024,41292.7,312.91,0.5024,2469.77,94.352,0.5518
01/19/2024,41648.0,314.69,0.5043,2491.81,93.655,0.5443
01/20/2024,41695.4,317.3,0.5161,2472.03,92.756,0.5537
01/21/2024,41583.2,318.59,0.503,2457.06,91.055,0.5463
01/22/2024,39556.4,306.0,0.4786,2313.64,83.829,0.5274
01/23/2024,39888.8,298.8,0.4774,2243.74,84.303,0.5181
01/24/2024,40086.0,293.1,0.4765,2234.64,88.769,0.5182
01/25/2024,39935.7,291.8,0.4665,2217.71,86.88,0.5137
01/26/2024,41811.3,302.3,0.4848,2267.55,92.209,0.5322
01/27/2024,42120.9,305.7,0.4862,2267.91,94.201,0.5303
01/28/2024,42030.7,305.3,0.4902,2256.92,95.982,0.5242
01/29/2024,43299.8,310.7,0.5259,2317.79,101.613,0.5351
01/30/2024,42946.2,307.7,0.5139,2343.11,101.377,0.5106
01/31/2024,42580.5,300.5,0.4979,2283.14,97.043,0.5033
02/01/2024,43081.4,300.1,0.5077,2304.28,97.803,0.5058
02/02/2024,43194.7,301.4,0.5145,2309.28,100.542,0.5107
02/03/2024,43005.7,299.6,0.5124,2296.5,97.94,0.5186
02/04/2024,42581.4,304.6,0.4934,2289.78,95.435,0.5032
02/05/2024,42697.2,301.2,0.4942,2301.83,95.624,0.5068
02/06/2024,43087.7,302.8,0.4983,2372.65,96.85,0.5051
02/07/2024,44339.8,307.41,0.5022,2424.64,101.058,0.5138
02/08/2024,45293.3,318.89,0.5299,2419.56,102.76,0.5146
02/09/2024,47127.5,323.9,0.5405,2486.24,106.909,0.526
02/10/2024,47758.2,323.1,0.5515,2500.28,109.032,0.5238
02/11/2024,48277.3,320.7,0.5414,2506.69,107.439,0.5262
02/12/2024,49941.3,327.9,0.5593,2657.87,111.803,0.5315
02/13/2024,49716.0,324.7,0.5449,2640.1,112.502,0.5245
02/14/2024,51782.4,333.9,0.5768,2775.12,116.959,0.5377
02/15/2024,51901.3,354.2,0.6086,2822.59,113.555,0.5621
02/16/2024,52134.2,360.6,0.5987,2801.8,110.341,0.5643
02/17/2024,51646.0,352.9,0.6094,2785.9,108.913,0.5496
02/18/2024,52117.5,349.6,0.619,2880.1,112.206,0.557
02/19/2024,51783.6,351.7,0.6305,2944.8,111.465,0.5626
02/20/2024,52263.5,354.51,0.622,3015.38,108.292,0.5623
02/21/2024,51858.2,379.09,0.5987,2971.18,105.059,0.549
02/22/2024,51320.4,382.69,0.5862,2972.46,101.774,0.5412
02/23/2024,50740.5,375.5,0.5822,2922.24,99.827,0.5341
02/24/2024,51571.6,381.7,0.5968,2992.29,104.012,0.5449
02/25/2024,51722.7,388.5,0.5913,3112.59,103.475,0.5425
02/26/2024,54495.1,401.6,0.6193,3175.94,109.851,0.5507
02/27/2024,57056.2,394.8,0.6236,3242.14,108.398,0.5861
02/28/2024,62467.6,414.62,0.6289,3383.03,118.877,0.5751
02/29/2024,61169.3,399.1,0.654,3339.26,125.588,0.586
03/01/2024,62397.7,407.3,0.7187,3433.51,129.914,0.6011
03/02/2024,61994.5,410.89,0.7413,3420.64,130.078,0.6442
03/03/2024,63135.8,414.7,0.728,3488.67,130.22,0.6274
03/04/2024,68270.1,418.4,0.7693,3626.34,132.896,0.6478
03/05/2024,63792.6,394.29,0.6932,3556.03,125.249,0.5908
03/06/2024,66080.4,429.19,0.7348,3814.56,130.734,0.6121
03/07/2024,66855.3,474.9,0.7427,3869.69,143.888,0.6272
03/08/2024,68172.0,486.51,0.723,3883.2,144.748,0.6201
03/09/2024,68366.5,488.3,0.7418,3905.17,144.238,0.6201
03/10/2024,68964.8,529.1,0.7167,3878.47,144.407,0.6079
03/11/2024,72099.1,522.11,0.7736,4065.02,148.791,0.7191
03/12/2024,71470.2,537.69,0.7482,3979.3,151.054,0.688
03/13/2024,73066.3,630.36,0.7645,4004.29,163.907,0.6887
03/14/2024,71387.5,603.3,0.7508,3883.94,176.523,0.6692
03/15/2024,69463.7,632.06,0.7269,3741.12,183.334,0.6341
03/16/2024,65314.2,576.52,0.6593,3523.68,182.079,0.603
03/17/2024,68391.2,571.69,0.681,3644.78,201.83,0.6189
03/18/2024,67594.1,555.49,0.6601,3520.3,195.866,0.6452
03/19/2024,62050.0,508.06,0.5868,3165.2,169.894,0.585
03/20/2024,67854.0,556.6,0.6393,3514.73,191.897,0.6113
03/21/2024,65503.8,553.79,0.6317,3493.23,179.417,0.6408
03/22/2024,63785.5,553.53,0.6147,3334.12,175.087,0.6116
03/23/2024,64037.8,552.1,0.6231,3332.9,172.641,0.6167
03/24/2024,67211.9,567.7,0.6467,3455.33,183.676,0.6325
03/25/2024,69892.0,587.11,0.6567,3590.62,188.979,0.6406
03/26/2024,69999.3,580.45,0.6649,3587.5,190.465,0.6318
03/27/2024,69442.4,574.21,0.6478,3500.43,186.18,0.6118
03/28/2024,70762.1,583.1,0.6508,3559.43,189.482,0.6245
03/29/2024,69871.7,612.47,0.664,3509.76,192.107,0.63
03/30/2024,69611.5,600.79,0.6438,3506.83,194.221,0.6215
03/31/2024,71332.0,606.89,0.6501,3647.09,202.51,0.6291
04/01/2024,69664.4,576.1,0.6211,3502.82,192.224,0.611
04/02/2024,65439.2,550.8,0.5806,3277.99,181.446,0.5853
04/03/2024,65963.0,561.35,0.5694,3310.62,185.076,0.5739
04/04/2024,68496.5,585.23,0.5831,3327.45,183.999,0.5931
04/05/2024,67830.6,577.9,0.574,3317.84,174.368,0.5872
04/06/2024,68890.6,585.69,0.5837,3352.03,178.703,0.5929
04/07/2024,69360.4,584.0,0.5892,3454.17,179.541,0.5946
04/08/2024,71630.1,586.32,0.614,3694.93,180.691,0.6151
04/09/2024,69148.0,580.5,0.5913,3506.96,172.39,0.6141
04/10/2024,70622.1,609.82,0.5864,3545.16,173.329,0.6172
04/11/2024,70011.6,604.61,0.5859,3502.55,172.432,0.6085
04/12/2024,67151.9,595.59,0.5027,3239.86,153.281,0.547
04/13/2024,63849.9,552.56,0.4444,3004.44,138.641,0.4783
04/14/2024,65697.4,566.5,0.4673,3152.65,151.412,0.5034
04/15/2024,63411.9,552.4,0.4609,3100.94,138.499,0.4976
04/16/2024,63805.3,537.53,0.4584,3083.43,136.227,0.4965
04/18/2024,63481.4,552.07,0.4579,3064.48,142.037,0.5025
04/19/2024,63799.1,554.09,0.4678,3056.23,142.362,0.5028
04/20/2024,64961.1,570.8,0.5071,3156.63,151.138,0.5288
04/21/2024,64940.2,579.6,0.5005,3147.83,148.785,0.5246
04/22/2024,66829.3,604.52,0.5166,3200.62,156.979,0.5562
04/23/2024,66415.0,606.19,0.5,3220.13,154.743,0.5445
04/24/2024,64285.7,608.67,0.4747,3141.03,147.739,0.5275
04/25/2024,64497.1,613.39,0.4705,3155.83,144.808,0.5254
04/26/2024,63766.4,597.89,0.4629,3130.9,139.104,0.526
04/27/2024,63456.8,596.18,0.4674,3255.57,141.306,0.5179
04/28/2024,63109.7,600.39,0.46,3261.69,137.895,0.5101
04/29/2024,63860.1,592.71,0.4571,3216.29,137.686,0.5151
04/30/2024,60666.6,578.41,0.4412,3014.41,126.74,0.5004
05/01/2024,58331.2,561.9,0.4502,2973.27,134.643,0.5173
05/02/2024,59121.3,560.4,0.4579,2987.12,137.648,0.5179
05/03/2024,62877.5,586.79,0.4671,3102.25,143.639,0.5316
05/04/2024,63888.3,585.58,0.4632,3117.23,146.057,0.5301
05/05/2024,64006.4,591.8,0.4579,3136.4,145.692,0.5295
05/06/2024,63163.1,588.2,0.454,3062.03,152.825,0.54
05/07/2024,62317.7,577.21,0.4416,3006.36,148.062,0.5247
05/08/2024,61207.5,588.6,0.4519,2974.94,142.206,0.517
05/09/2024,63075.0,596.69,0.4635,3036.32,152.795,0.521
05/10/2024,60796.9,585.6,0.4479,2909.86,146.032,0.5021
05/11/2024,60826.6,592.2,0.4389,2912.56,145.391,0.5059
05/12/2024,61480.0,594.78,0.4377,2929.35,143.417,0.4993
05/13/2024,62937.2,591.69,0.4368,2951.01,147.411,0.5052
05/14/2024,61569.4,567.09,0.4283,2881.99,142.023,0.5
05/15/2024,66225.1,581.0,0.4526,3034.71,158.285,0.519
05/16/2024,65231.0,569.2,0.4596,2944.99,159.306,0.5156
05/17/2024,67036.8,580.9,0.4822,3092.75,169.441,0.5234
05/18/2024,66917.5,580.3,0.4821,3122.87,172.441,0.5212
05/19/2024,66279.1,574.6,0.4672,3072.08,169.936,0.5097
05/20/2024,71422.7,599.92,0.5021,3661.07,186.788,0.5377
05/21/2024,70139.9,618.61,0.4947,3790.46,178.179,0.5372
05/22/2024,69155.4,614.81,0.4834,3739.08,177.027,0.5268
05/23/2024,67975.7,599.4,0.4657,3785.65,176.04,0.5288
05/24/2024,68547.6,600.29,0.46,3728.21,167.785,0.5358
05/25/2024,69284.4,602.39,0.4623,3749.28,168.385,0.5416
05/26/2024,68514.8,600.29,0.4582,3826.02,163.354,0.5282
05/27/2024,69428.7,603.8,0.4683,3894.33,170.124,0.5339
05/28/2024,68366.0,601.69,0.4575,3845.56,168.694,0.5286
05/29/2024,67635.8,595.59,0.4513,3769.57,168.291,0.5237
05/30/2024,68354.7,594.99,0.4465,3747.55,166.895,0.5186
05/31/2024,67530.1,593.8,0.447,3762.66,165.58,0.5175
06/01/2024,67760.8,601.8,0.45,3815.95,166.116,0.5185
06/02/2024,67773.5,602.9,0.4466,3782.08,163.241,0.5136
06/03/2024,68807.8,626.21,0.4573,3767.1,164.958,0.5198
06/04/2024,70549.2,685.64,0.4615,3810.35,171.778,0.5257
06/05/2024,71083.7,698.61,0.4612,3865.14,173.491,0.5257
06/06/2024,70791.5,711.16,0.4581,3812.95,170.106,0.5216
06/07/2024,69347.9,683.99,0.4493,3678.37,162.504,0.4991
06/08/2024,69310.1,682.7,0.4368,3681.59,157.829,0.4927
06/09/2024,69650.6,673.0,0.4442,3706.32,162.136,0.4987
06/10/2024,69538.2,624.7,0.4406,3667.85,159.049,0.4969
06/11/2024,67319.8,602.49,0.422,3498.0,149.351,0.4802
06/12/2024,68260.1,619.38,0.4377,3559.95,155.237,0.4916
06/13/2024,66773.1,599.9,0.4211,3470.15,147.25,0.4769
06/14/2024,66034.8,603.3,0.4119,3481.84,143.05,0.4745
06/15/2024,66223.0,608.19,0.414,3568.72,145.5,0.4906
06/16/2024,66674.7,610.89,0.4168,3625.11,151.256,0.4892
06/17/2024,66498.8,604.31,0.4012,3511.52,143.225,0.5048
06/18/2024,65159.9,588.62,0.3836,3484.55,137.376,0.4909
06/19/2024,64980.9,599.31,0.3845,3561.3,135.646,0.4933
06/20/2024,64854.3,587.67,0.3843,3512.91,133.527,0.4888
06/21/2024,64128.5,586.1,0.3759,3518.03,134.536,0.489
06/22/2024,64261.0,591.0,0.3846,3495.87,133.689,0.4866
06/23/2024,63196.2,577.41,0.3801,3420.84,128.644,0.4797
06/24/2024,60292.7,568.02,0.3778,3352.29,132.275,0.4742
06/25/2024,61809.4,578.2,0.3918,3395.03,136.573,0.4757
06/26/2024,60849.4,573.08,0.3849,3370.72,136.796,0.4697
06/27/2024,61685.3,581.7,0.3913,3450.45,149.703,0.4752
06/28/2024,60403.3,567.31,0.3858,3380.15,139.93,0.4714
06/29/2024,60973.4,570.39,0.384,3378.6,140.185,0.4726
06/30/2024,62754.3,582.3,0.3924,3437.84,146.56,0.476
07/01/2024,62890.1,576.91,0.4032,3442.67,146.669,0.477
07/02/2024,62103.3,579.99,0.4184,3421.71,153.909,0.4853
07/03/2024,60199.3,556.69,0.4069,3295.13,140.744,0.4671
07/04/2024,57026.3,513.38,0.3621,3057.81,127.674,0.4326
07/05/2024,56641.8,497.42,0.3498,2981.4,134.309,0.4251
07/06/2024,58259.2,526.98,0.371,3068.79,143.147,0.4489
07/07/2024,55861.1,490.39,0.3464,2930.48,131.462,0.4194
07/08/2024,56724.7,510.5,0.3691,3019.64,139.747,0.4317
07/09/2024,58039.4,516.8,0.3754,3065.11,141.368,0.4356
07/10/2024,57746.7,524.89,0.3886,3101.17,142.077,0.4389
07/11/2024,57337.3,524.9,0.3959,3099.82,135.776,0.4489
07/12/2024,57885.1,533.8,0.4166,3133.33,139.497,0.4744
07/13/2024,59209.8,532.3,0.4414,3175.1,141.884,0.5254
07/14/2024,60794.9,544.7,0.4319,3243.5,147.687,0.5213
07/15/2024,64782.4,585.61,0.4452,3484.78,159.616,0.5374
07/16/2024,65049.7,576.09,0.4381,3442.99,160.527,0.5793
07/17/2024,64089.2,568.8,0.4359,3387.81,155.325,0.6261
07/18/2024,63980.5,571.99,0.4234,3425.94,159.209,0.5696
07/19/2024,66677.4,593.49,0.4389,3504.42,169.153,0.5731
07/20/2024,67148.5,593.1,0.4373,3517.04,173.607,0.5938
07/21/2024,68158.7,602.1,0.447,3535.55,184.414,0.5979
07/22/2024,67553.6,587.89,0.4263,3440.01,178.958,0.6078
07/23/2024,65937.8,581.9,0.4099,3482.54,173.0,0.5975
07/24/2024,65370.5,574.5,0.4062,3335.33,178.082,0.6183
07/25/2024,65799.3,570.7,0.3948,3175.52,171.837,0.5995
07/26/2024,67908.6,580.9,0.4173,3275.12,183.058,0.6034
07/27/2024,67843.1,581.2,0.4173,3247.06,183.818,0.5957
07/28/2024,68256.3,583.9,0.4073,3270.32,184.904,0.6014
07/29/2024,66798.7,574.4,0.4034,3318.24,182.606,0.6024
07/30/2024,66184.9,588.09,0.4014,3278.94,179.061,0.6274
07/31/2024,64626.0,576.4,0.3883,3231.84,171.678,0.6231
08/01/2024,65372.9,575.41,0.3928,3204.93,167.504,0.5965
08/02/2024,61478.7,543.39,0.3637,2990.32,152.837,0.5608
08/03/2024,60696.7,529.41,0.3645,2904.59,142.442,0.5561
08/04/2024,58141.8,496.7,0.344,2688.55,138.174,0.5228
08/05/2024,53979.0,463.9,0.3117,2415.99,129.702,0.4886
08/06/2024,56057.8,484.73,0.331,2461.92,144.385,0.5061
08/07/2024,55120.9,474.81,0.3235,2337.83,144.422,0.5999
08/08/2024,61699.7,517.09,0.3516,2683.84,162.92,0.6171
08/09/2024,60850.6,508.8,0.3483,2598.9,156.247,0.5808
08/10/2024,60931.7,523.1,0.3457,2610.24,154.016,0.5847
08/11/2024,58713.3,503.29,0.3276,2553.57,141.44,0.5525
08/12/2024,59350.0,518.53,0.339,2722.64,146.321,0.5686
08/13/2024,60595.2,524.26,0.3399,2702.95,146.663,0.5768
08/14/2024,58707.8,523.49,0.3354,2662.95,143.765,0.5687
08/15/2024,57534.6,519.27,0.3249,2569.44,142.479,0.5608
08/16/2024,58877.2,519.6,0.3303,2592.38,139.044,0.5638
08/17/2024,59483.1,541.7,0.3373,2614.35,141.914,0.5665
08/18/2024,58446.3,531.4,0.3343,2612.1,142.42,0.5632
08/19/2024,59470.9,558.59,0.3367,2637.1,144.304,0.5984
08/20/2024,59005.8,569.41,0.3433,2572.9,142.295,0.5941
08/21/2024,61158.1,569.99,0.3689,2630.67,142.726,0.6001
08/22/2024,60372.2,582.99,0.3763,2623.06,143.194,0.5977
08/23/2024,64053.1,591.63,0.3914,2762.86,153.15,0.6108
08/24/2024,64159.3,580.42,0.3936,2768.49,160.667,0.6129
08/25/2024,64273.2,574.19,0.3849,2747.99,159.083,0.6003
08/26/2024,62846.2,548.3,0.3661,2680.3,157.136,0.5875
08/27/2024,59450.9,533.68,0.3503,2457.99,146.921,0.5674
08/28/2024,59016.0,536.6,0.35,2527.73,143.928,0.5693
08/29/2024,59373.5,536.51,0.358,2528.72,140.025,0.5621
08/30/2024,59119.7,535.21,0.3468,2525.45,137.975,0.5666
08/31/2024,58978.6,532.9,0.3451,2513.56,135.342,0.5663
09/01/2024,57315.7,512.69,0.3311,2427.49,128.572,0.5477
09/02/2024,59134.0,526.39,0.3362,2538.35,134.948,0.5677
09/03/2024,57479.8,518.39,0.3184,2423.4,127.457,0.5575
09/04/2024,57973.4,507.52,0.3232,2450.18,133.652,0.5585
09/05/2024,56183.2,502.4,0.3251,2369.18,129.462,0.5444
09/06/2024,53966.8,487.08,0.3148,2225.72,125.031,0.5211
09/07/2024,54156.5,493.49,0.3253,2274.87,127.733,0.525
09/08/2024,54861.3,502.9,0.3389,2296.19,130.092,0.5291
09/09/2024,57049.6,518.67,0.3433,2359.6,135.048,0.5395
09/10/2024,57635.0,516.8,0.343,2387.71,135.604,0.5408
09/11/2024,57338.7,530.2,0.3531,2340.19,132.404,0.5348
09/12/2024,58134.5,544.6,0.3562,2361.79,136.038,0.5625
09/13/2024,60511.6,556.4,0.3605,2440.12,139.069,0.5728
09/14/2024,59995.4,553.4,0.3539,2417.56,137.158,0.5957
09/15/2024,59138.5,553.49,0.3386,2317.04,131.425,0.5708
09/16/2024,58213.1,533.67,0.3302,2295.72,131.405,0.5857
09/17/2024,60309.1,546.1,0.3339,2341.82,131.54,0.5841
09/18/2024,61757.6,559.37,0.3438,2372.18,134.327,0.5854
09/19/2024,62938.6,566.43,0.351,2464.49,142.874,0.5868
09/20/2024,63201.2,569.0,0.3522,2561.79,146.699,0.5851
09/21/2024,63348.1,588.51,0.3583,2613.35,149.414,0.5977
09/22/2024,63572.7,588.57,0.3517,2582.35,144.732,0.5871
09/23/2024,63331.8,604.7,0.3638,2647.65,144.713,0.5848
09/24/2024,64256.8,605.91,0.3876,2652.5,152.684,0.5911
09/25/2024,63156.5,587.53,0.3811,2580.34,147.999,0.5833
09/26/2024,65175.7,596.4,0.4016,2632.05,155.548,0.5904
09/27/2024,65776.3,606.9,0.4017,2694.53,157.647,0.5886
09/28/2024,65866.5,601.12,0.4006,2675.71,156.71,0.614
09/29/2024,65607.1,595.62,0.3976,2657.67,158.479,0.6413
09/30/2024,63339.2,567.51,0.3734,2603.48,152.63,0.6116
10/01/2024,60835.5,547.49,0.3523,2449.67,145.261,0.597
10/02/2024,60645.7,542.32,0.3432,2365.57,140.236,0.5391
10/03/2024,60751.2,544.79,0.3451,2349.67,136.835,0.5218
10/04/2024,62081.0,555.3,0.3517,2414.43,143.161,0.534
10/05/2024,62061.4,563.39,0.3509,2414.98,142.604,0.5294
10/06/2024,62819.4,570.49,0.3574,2440.33,146.488,0.5336
10/07/2024,62245.6,564.3,0.3508,2422.75,143.932,0.5291
10/08/2024,62157.0,580.78,0.3449,2440.93,143.516,0.5311
10/09/2024,60628.8,570.79,0.3395,2370.13,139.308,0.5244
10/10/2024,60316.2,563.58,0.3396,2385.4,139.038,0.5304
10/11/2024,62499.4,573.3,0.3517,2436.73,145.449,0.5386
10/12/2024,63205.1,576.59,0.3532,2476.48,146.404,0.5394
10/13/2024,62870.9,572.3,0.3487,2468.92,147.682,0.532
10/14/2024,66081.7,589.1,0.3644,2630.54,157.536,0.5484
10/15/2024,67077.5,594.67,0.3592,2607.84,154.774,0.5417
10/16/2024,67617.9,600.98,0.3522,2611.09,154.275,0.5482
10/17/2024,67418.4,592.89,0.3432,2605.53,150.503,0.544
10/18/2024,68423.1,599.19,0.3507,2641.72,154.913,0.5465
10/19/2024,68372.0,597.71,0.3514,2647.39,159.683,0.5468
10/20/2024,69030.5,605.81,0.365,2747.28,167.338,0.5481
10/21/2024,67371.3,598.69,0.3608,2666.66,166.142,0.5449
10/22/2024,67427.3,593.79,0.3645,2621.79,167.364,0.5338
10/23/2024,66663.7,584.91,0.35,2526.1,170.927,0.5258
10/24/2024,68191.5,594.41,0.3465,2535.87,177.159,0.532
10/25/2024,66696.8,575.29,0.326,2441.18,165.098,0.5023
10/26/2024,67086.8,583.49,0.3339,2482.52,170.798,0.5134
10/27/2024,68004.6,589.3,0.34,2507.39,176.701,0.5167
10/28/2024,69954.1,600.99,0.3437,2567.41,178.199,0.5194
10/29/2024,72730.4,606.3,0.356,2638.64,179.425,0.5284
10/30/2024,72347.8,595.5,0.355,2658.62,174.918,0.523
10/31/2024,70281.8,576.6,0.3418,2519.14,168.754,0.5095
11/01/2024,69507.2,573.09,0.3575,2511.96,166.165,0.513
11/02/2024,69325.8,568.4,0.3481,2492.45,166.082,0.5102
11/03/2024,68769.6,557.7,0.3339,2457.68,162.483,0.5027
11/04/2024,67848.8,552.51,0.3264,2398.95,157.953,0.5035
11/05/2024,69373.7,563.23,0.3336,2422.5,166.624,0.5141
11/06/2024,75586.3,591.99,0.3631,2721.85,186.627,0.5419
11/07/2024,75868.6,598.2,0.4065,2894.13,196.233,0.5554
11/08/2024,76517.3,597.81,0.4441,2961.34,199.844,0.5537
11/09/2024,76700.3,624.48,0.4954,3127.69,199.92,0.5592
11/10/2024,80388.5,627.46,0.5894,3186.05,210.053,0.5883
11/11/2024,88664.1,660.15,0.6125,3372.13,222.141,0.6206
11/12/2024,87941.3,625.08,0.57,3242.44,211.579,0.7036
11/13/2024,90422.2,620.65,0.5783,3187.02,215.187,0.6902
11/14/2024,87294.0,621.85,0.579,3058.22,209.49,0.7726
11/15/2024,91046.5,619.11,0.7064,3089.45,218.439,0.8919
11/16/2024,90539.1,622.46,0.7415,3132.0,215.662,1.1187
11/17/2024,89833.7,618.74,0.7026,3075.42,237.467,1.0539
11/18/2024,90478.7,618.9,0.7326,3207.46,239.769,1.1146
11/19/2024,92239.2,615.26,0.7382,3105.97,237.593,1.1001
11/20/2024,94303.9,605.79,0.7997,3069.72,235.513,1.1044
11/21/2024,98374.5,622.02,0.8211,3356.43,256.587,1.2492
11/22/2024,98929.7,633.0,1.014,3327.77,256.576,1.4698
11/23/2024,97699.0,650.79,1.0658,3393.91,254.913,1.4683
11/24/2024,97935.2,659.8,1.0223,3361.41,252.8,1.4338
11/25/2024,93064.4,635.81,0.943,3412.18,234.073,1.4133
11/26/2024,91977.6,613.7,0.9621,3326.3,230.745,1.4013
11/27/2024,95886.6,644.43,1.0125,3653.79,241.983,1.4715
11/28/2024,95645.5,654.0,1.0318,3578.41,237.594,1.5424
11/29/2024,97438.0,654.69,1.0757,3592.13,243.285,1.7974
11/30/2024,96405.7,653.72,1.0779,3702.97,237.6,1.9488
12/01/2024,97201.4,656.03,1.1486,3708.33,236.775,2.297
12/02/2024,95846.6,647.77,1.2021,3643.48,225.794,2.7225
12/03/2024,95898.7,735.07,1.1915,3615.07,233.98,2.5121
12/04/2024,98635.8,739.23,1.1863,3836.25,229.216,2.3608
12/05/2024,96970.8,717.32,1.1609,3785.1,236.242,2.2449
12/06/2024,99760.7,730.44,1.2275,3999.51,236.799,2.4251
12/07/2024,99837.0,749.46,1.2105,3996.24,238.379,2.4936
12/08/2024,101115.8,741.84,1.1933,4002.91,237.097,2.6037
12/09/2024,97359.4,690.02,1.0068,3718.98,217.012,2.2191
12/10/2024,96600.3,676.92,1.0216,3628.94,213.68,2.3715
12/11/2024,101329.1,711.12,1.0884,3825.29,228.356,2.4346
